time to init output matrix (once): 151.441
200 0.246688 4.19555 0.096992 14.245 25.4848
200 0.25104 4.09178 0.087616 14.2646 25.477
200 0.194944 3.91088 0.0808 14.2645 25.5236
200 0.225024 3.93763 0.084064 14.2649 25.4876
200 0.223712 3.92147 0.082784 14.2573 25.4695
200 0.195872 3.92131 0.08224 14.2758 25.4733
200 0.194784 3.91773 0.082144 14.2722 25.4881
200 0.196352 3.90765 0.081728 14.2655 25.5061
200 0.222048 3.91731 0.082336 14.257 25.5059
200 0.197216 3.91699 0.082048 14.2613 25.4726
200 0.196384 3.91456 0.0816 14.2599 25.5019
200 0.197408 3.908 0.080992 14.2654 25.4909
200 0.195168 3.91968 0.081152 14.2632 25.4844
200 0.195584 3.91386 0.081984 14.2444 25.4703
200 0.194624 3.91338 0.08192 14.2604 25.4877
200 0.223424 3.92371 0.083104 14.258 25.4849
200 0.219232 3.91766 0.081216 14.2614 25.4918
200 0.222464 3.91274 0.083328 14.2594 25.4895
200 0.19792 3.9209 0.081152 14.2589 25.485
200 0.210624 3.92682 0.0824 14.2605 25.4709
200 0.21904 3.91955 0.08144 14.2651 25.503
200 0.197888 3.91165 0.081984 14.2669 25.4715
200 0.197664 3.92566 0.080832 14.2572 25.4766
200 0.197472 3.91606 0.087424 14.2557 25.4899
200 0.199104 3.91744 0.081408 14.2584 25.4978
200 0.197536 3.91318 0.081216 14.2552 25.476
200 0.197856 3.91184 0.082048 14.2532 25.4746
200 0.202144 3.91926 0.080864 14.3083 25.5322
200 0.200416 3.92157 0.082016 14.2624 25.488
200 0.2184 3.91059 0.083776 14.2611 25.4888
200 0.198912 3.90717 0.081952 14.2597 25.519
200 0.204704 3.91238 0.081536 14.2644 25.5203
200 0.20064 3.91066 0.083712 14.266 25.5414
200 0.197504 3.91293 0.081984 14.271 25.5549
200 0.21328 3.92355 0.08288 14.2576 25.5197
200 0.196032 3.91066 0.081152 14.2566 25.5061
200 0.23424 4.07219 0.099488 14.2587 26.252
200 0.21584 4.0023 0.084096 14.2661 25.8842
200 0.24064 4.13888 0.085248 14.2673 25.4712
200 0.232672 4.11626 0.086048 14.2699 25.4713
200 0.232736 4.13008 0.084992 14.2699 25.4739
200 0.23952 4.12243 0.085856 14.2671 25.4702
200 0.23744 4.1144 0.084928 14.2691 25.4728
200 0.232672 4.14022 0.084992 14.2753 25.472
200 0.24048 4.14966 0.085024 14.2701 25.4711
200 0.233696 4.13814 0.084704 14.2684 25.4711
200 0.232704 4.12416 0.0848 14.2598 25.4711
200 0.233728 4.11229 0.084352 14.2815 25.4701
200 0.259168 4.22624 0.087552 14.2711 25.4683
200 0.255648 4.18691 0.086912 14.2639 25.4668
200 0.253056 4.18307 0.087808 14.2571 25.4679
200 0.200448 3.91814 0.083552 14.253 25.4708
200 0.197696 3.92602 0.082496 14.2602 25.4714
200 0.19856 3.91178 0.081568 14.2556 25.4697
200 0.198528 3.9177 0.080736 14.2564 25.4998
200 0.195808 3.92333 0.082016 14.2629 25.4981
200 0.1976 3.92272 0.082304 14.2509 25.5673
200 0.198944 3.9151 0.081184 14.263 25.4688
200 0.198496 3.92202 0.081568 14.2537 25.6078
200 0.200192 3.91978 0.082528 14.2675 25.5034
200 0.194496 3.9215 0.082656 14.2546 25.5443
200 0.197184 3.91389 0.081792 14.2494 25.4887
200 0.198304 3.91875 0.082912 14.2562 25.5085
200 0.198784 3.95443 0.082592 14.2602 25.506
200 0.203104 3.92134 0.082912 14.2666 25.5714
200 0.196896 3.91485 0.081152 14.2548 25.5041
200 0.196256 3.92771 0.0824 14.2644 25.5244
200 0.197856 3.91734 0.08256 14.2674 25.472
200 0.237824 3.92006 0.0824 14.2567 25.4735
200 0.197824 3.97053 0.08144 14.2553 25.4736
200 0.1968 3.9208 0.082304 14.2721 25.4929
200 0.19472 3.91635 0.081888 14.2647 25.4892
200 0.276128 3.91485 0.081888 14.2586 25.4844
200 0.212512 3.91674 0.081664 14.2753 25.4852
200 0.219392 3.92979 0.082496 14.2663 25.5064
200 0.197376 3.92019 0.081248 14.2811 25.5717
200 0.212064 3.92 0.081952 14.2749 25.4906
200 0.201472 3.95267 0.095904 14.2693 26.2845
200 0.19504 3.91776 0.082336 14.2771 26.0291
200 0.197408 3.93325 0.082528 14.2795 26.3962
200 0.196768 3.90269 0.08272 14.2745 25.4666
200 0.19536 3.90717 0.082272 14.2725 25.4623
200 0.196 3.90019 0.081184 14.2768 25.4629
200 0.196704 3.90986 0.111584 14.26 25.4822
200 0.200928 3.95837 0.081696 14.2657 25.4819
200 0.206528 3.972 0.08352 14.2693 25.5319
200 0.23968 3.92259 0.082624 14.2721 26.2901
200 0.195264 3.8967 0.082208 14.2749 25.5015
200 0.194464 3.90234 0.082592 14.27 25.5393
200 0.22304 3.91869 0.081728 14.2797 25.7684
200 0.199936 3.94432 0.082016 14.2612 25.5966
200 0.236096 3.91283 0.081344 14.2683 25.5212
200 0.19632 3.90038 0.079264 14.2698 25.4838
200 0.20464 3.93933 0.08224 14.2718 25.5571
200 0.21776 3.93789 0.084288 14.2725 25.5633
200 0.19808 3.90714 0.081696 14.2593 25.6033
200 0.202016 3.93382 0.083488 14.2604 25.4877
200 0.2232 3.94541 0.084736 14.264 25.6158
200 0.245184 4.09341 0.088256 14.2676 25.7211
200 0.206912 4.03411 0.08688 14.2662 25.6186
