time to init output matrix (once): 147.154
5000 0.27824 4.20499 1.37357 14.2579 25.4824
5000 0.264128 4.27325 1.36144 14.2715 25.5711
5000 0.228832 4.01104 1.36128 14.2817 25.4952
5000 0.228448 3.9224 1.35901 14.2766 25.5901
5000 0.238784 4.01398 1.3631 14.2829 25.6241
5000 0.243136 3.94774 1.37728 14.2716 25.4762
5000 0.239072 3.98531 1.36077 14.2578 25.582
5000 0.228672 3.93574 1.35984 14.268 25.4759
5000 0.225344 3.93997 1.36003 14.2738 25.4979
5000 0.226304 3.93059 1.35968 14.2862 25.4726
5000 0.22816 4.00723 1.36355 14.2876 25.5435
5000 0.235392 4.01347 1.36131 14.29 25.4857
5000 0.27808 4.01565 1.36698 14.2851 25.5544
5000 0.227264 4.10928 1.36186 14.2947 25.5223
5000 0.299936 4.11072 1.36851 14.2824 26.2719
5000 0.245312 3.96054 1.37808 14.2901 25.8864
5000 0.259392 3.98454 1.36458 14.2718 25.7715
5000 0.278848 4.03824 1.36608 14.2793 26.52
5000 0.241312 4.26259 1.36291 14.2772 25.6754
5000 0.279392 4.06397 1.36618 14.2773 25.64
5000 0.279872 4.00006 1.36909 14.2782 25.687
5000 0.237504 3.92323 1.36442 14.2752 25.6766
5000 0.25072 3.93405 1.36118 14.2727 25.8102
5000 0.262368 3.92387 1.36285 14.2713 25.8312
5000 0.249536 3.94701 1.36192 14.2763 25.6958
5000 0.238592 3.92691 1.36211 14.2745 25.7503
5000 0.254656 3.93354 1.36339 14.2759 25.7798
5000 0.260544 3.92454 1.3632 14.3189 25.8216
5000 0.272224 3.91293 1.36496 14.2723 25.9639
5000 0.239904 4.00534 1.36349 14.2927 25.4961
5000 0.290496 4.09206 1.36848 14.292 25.6721
5000 0.25936 4.15091 1.36573 14.2795 25.7212
5000 0.25504 3.94627 1.36365 14.2714 26.1473
5000 0.249696 3.98947 1.36234 14.2752 25.7398
5000 0.24768 3.96672 1.37632 14.2901 25.8411
5000 0.271584 3.95622 1.36438 14.2962 25.9578
5000 0.24096 3.98672 1.3625 14.2802 26.075
5000 0.282144 4.0327 1.36576 14.2796 25.9369
5000 0.230592 3.93827 1.35821 14.2796 25.4951
5000 0.23664 3.9464 1.36227 14.2722 25.4658
5000 0.230464 3.93277 1.36006 14.2736 25.5194
5000 0.25072 3.94061 1.36266 14.2671 25.4982
5000 0.28448 4.15654 1.36726 14.2851 25.5003
5000 0.233152 3.92362 1.36093 14.2755 25.7531
5000 0.232032 3.93779 1.35882 14.2676 25.5471
5000 0.236544 3.9111 1.36106 14.2714 25.481
5000 0.299104 4.15866 1.36595 14.2863 25.5057
5000 0.28688 4.17965 1.36778 14.2849 25.4815
5000 0.239136 3.99043 1.36278 14.2752 25.4644
5000 0.236128 3.96445 1.36454 14.2732 25.5966
5000 0.312064 4.17254 1.36813 14.2769 25.8161
5000 0.293344 4.02147 1.3655 14.2844 25.5884
5000 0.266176 4.02966 1.3664 14.2819 25.6901
5000 0.263264 3.97232 1.36534 14.2874 25.656
5000 0.273504 4.00918 1.36925 14.2797 25.8221
5000 0.22352 4.17606 1.35939 14.3237 26.0927
5000 0.271392 4.06058 1.36349 14.2807 25.4968
5000 0.219392 3.94269 1.36122 14.2757 25.6979
5000 0.226912 3.95555 1.36086 14.2764 25.473
5000 0.220352 3.91363 1.36163 14.2893 25.5
5000 0.223968 3.91677 1.3609 14.2858 25.5293
5000 0.222752 4.00739 1.36294 14.2828 25.6708
5000 0.335168 4.03091 1.36435 14.3042 25.4995
5000 0.234944 3.9719 1.36118 14.3012 25.8039
5000 0.227168 3.92538 1.36096 14.2894 25.4827
5000 0.221024 3.93798 1.3593 14.2782 25.546
5000 0.224032 3.9136 1.36147 14.2712 25.5176
5000 0.223744 3.90445 1.36234 14.2797 25.477
5000 0.221344 3.91107 1.3639 14.2852 25.5187
5000 0.221216 3.90688 1.36304 14.2916 25.6246
5000 0.225056 3.90294 1.36349 14.278 25.5142
5000 0.229984 5.58918 1.36221 14.2775 25.4828
5000 0.277376 3.92682 1.35907 14.2777 25.4831
5000 0.2328 3.93744 1.36138 14.2739 25.4764
5000 0.224096 3.92435 1.36099 14.2786 25.4773
5000 0.227232 3.92586 1.36061 14.2822 25.4946
5000 0.222848 3.92154 1.36538 14.2872 25.5339
5000 0.230944 3.91533 1.36323 14.288 25.4662
5000 0.22672 3.91837 1.36115 14.2691 25.5138
5000 0.23872 3.91411 1.36262 14.2889 25.4771
5000 0.224576 3.92387 1.36323 14.2879 25.5119
5000 0.226432 3.93226 1.35994 14.2879 25.499
5000 0.22544 3.92643 1.36285 14.2844 25.4772
5000 0.236544 3.91744 1.36176 14.2723 25.5087
5000 0.223648 3.91379 1.36189 14.2782 25.4722
5000 0.229632 3.92515 1.36118 14.278 25.5017
5000 0.224224 3.91341 1.35888 14.2705 25.4962
5000 0.243936 3.92 1.3608 14.2706 25.493
5000 0.225472 3.93094 1.36128 14.2713 25.4705
5000 0.232224 3.92102 1.36589 14.2717 25.4767
5000 0.224032 3.91373 1.36 14.2656 25.4902
5000 0.22928 3.92195 1.3625 14.2808 25.6197
5000 0.286912 4.0864 1.37146 14.2801 25.5774
5000 0.250368 3.968 1.36973 14.288 25.6124
5000 0.25184 3.95469 1.36646 14.2853 25.604
5000 0.246272 3.97987 1.36579 14.2866 25.5839
5000 0.251072 3.95715 1.36656 14.2807 25.6312
5000 0.265536 3.94934 1.3673 14.2779 25.5931
5000 0.247392 3.98246 1.36835 14.2899 25.5753
5000 0.24768 3.95034 1.36547 14.2895 25.5839
