time to init output matrix (once): 150.941
100 0.381792 4.21725 0.086176 14.242 25.493
100 0.240064 4.09334 0.059616 14.2603 25.4953
100 0.20624 3.93418 0.054592 14.2645 25.516
100 0.202272 3.92698 0.05456 14.2687 25.4701
100 0.196864 3.93482 0.05504 14.2531 25.4882
100 0.213088 3.91994 0.05376 14.2549 25.4774
100 0.222688 3.91552 0.054336 14.2473 25.6188
100 0.203136 3.91818 0.053664 14.2588 25.5088
100 0.221376 3.92752 0.054592 14.2533 25.5204
100 0.198016 3.91939 0.053792 14.2573 25.4739
100 0.197248 3.91728 0.053856 14.2566 25.4866
100 0.200864 3.93686 0.054464 14.2548 25.4737
100 0.195104 3.92179 0.054336 14.2498 25.4956
100 0.198208 3.91722 0.0544 14.2539 25.5078
100 0.201888 3.91962 0.054336 14.2558 25.5054
100 0.19856 3.92829 0.053888 14.2636 25.4687
100 0.402688 3.92179 0.069696 14.2567 25.4925
100 0.1984 3.94851 0.053568 14.2504 25.4716
100 0.19776 3.92698 0.054304 14.2547 25.5092
100 0.195872 3.91725 0.066912 14.2704 25.487
100 0.220896 3.92435 0.054144 14.2515 25.4845
100 0.207776 3.92685 0.054624 14.2547 25.4701
100 0.197696 3.92301 0.054624 14.2586 25.4765
100 0.19696 3.9207 0.054688 14.2516 25.4912
100 0.204192 3.9208 0.05472 14.2558 25.4981
100 0.210016 3.92605 0.05392 14.2595 25.4721
100 0.19728 3.92669 0.054208 14.2619 25.4879
100 0.196448 3.94448 0.0544 14.3103 25.4715
100 0.194944 3.91206 0.055392 14.271 25.4594
100 0.215168 3.91894 0.0528 14.2646 25.584
100 0.204448 3.93085 0.07744 14.257 25.483
100 0.194144 3.92566 0.05424 14.2513 25.4611
100 0.197728 3.91872 0.054848 14.2568 25.484
100 0.194592 3.92544 0.055616 14.2588 25.63
100 0.197888 3.94624 0.054176 14.2617 25.4676
100 0.221952 3.92544 0.054048 14.2717 25.4681
100 0.228512 3.91744 0.05424 14.2738 25.465
100 0.197792 3.9225 0.05456 14.2674 25.4794
100 0.198912 3.92464 0.075104 14.2645 25.518
100 0.215712 3.91952 0.053952 14.2578 25.4771
100 0.19904 3.9135 0.053568 14.2559 25.4703
100 0.19968 3.92096 0.054912 14.2667 25.4857
100 0.218048 3.9256 0.05392 14.26 25.4728
100 0.197664 3.93226 0.05488 14.2491 25.4746
100 0.196832 3.92618 0.054464 14.2535 25.4844
100 0.198752 3.9184 0.0544 14.2612 25.4698
100 0.197984 3.92093 0.05392 14.267 25.5064
100 0.198048 3.91622 0.054368 14.269 25.4588
100 0.197984 3.91594 0.054784 14.2653 25.4855
100 0.198688 3.92947 0.07264 14.2617 25.5141
100 0.19808 3.92656 0.054688 14.2692 25.459
100 0.209408 3.91658 0.054368 14.2562 25.5025
100 0.203392 3.91882 0.054208 14.2577 25.4844
100 0.19632 3.93379 0.054848 14.2542 25.6019
100 0.198304 3.91693 0.053952 14.2583 25.4802
100 0.199968 3.92694 0.053792 14.2625 25.4865
100 0.196928 3.92909 0.054176 14.2661 25.4814
100 0.198816 3.92698 0.053952 14.261 25.4712
100 0.203744 3.93674 0.055616 14.2642 25.4662
100 0.203264 3.93283 0.054464 14.2534 25.4984
100 0.196864 3.93085 0.067008 14.2631 25.4703
100 0.196224 3.92038 0.053728 14.2619 25.4638
100 0.197632 3.94298 0.053536 14.2639 25.5215
100 0.200768 3.92749 0.055488 14.2624 25.4811
100 0.196672 3.93107 0.053024 14.2651 25.4617
100 0.197056 3.92378 0.053952 14.2624 25.4596
100 0.21568 3.9241 0.054272 14.2656 25.5641
100 0.199648 3.93018 0.054528 14.261 25.4867
100 0.197216 3.91987 0.054144 14.2737 25.4777
100 0.197888 3.92947 0.054944 14.2636 25.4742
100 0.351136 3.91862 0.054656 14.2673 25.5022
100 0.199584 3.93859 0.05504 14.255 25.4712
100 0.244576 3.93235 0.053824 14.2752 25.4729
100 0.215328 3.91485 0.05472 14.2774 25.5051
100 0.198144 3.92998 0.054432 14.2697 25.5042
100 0.20064 3.98685 0.054752 14.2736 25.4709
100 0.195744 3.93133 0.05344 14.2695 25.4872
100 0.215552 3.91418 0.054752 14.2788 25.4774
100 0.196704 3.92822 0.054624 14.2725 25.4692
100 0.211968 3.91194 0.054752 14.2865 25.6396
100 0.218528 3.91661 0.054752 14.2793 25.4705
100 0.196544 3.9136 0.054624 14.2716 25.5022
100 0.222304 3.92915 0.054208 14.2673 25.4686
100 0.196256 3.91869 0.054752 14.2657 25.4781
100 0.195744 3.91245 0.053504 14.2667 25.4694
100 0.196032 3.91894 0.055296 14.2659 25.4711
100 0.201632 3.93107 0.054528 14.2629 25.5192
100 0.195648 3.91744 0.068128 14.2721 25.4747
100 0.217472 3.9201 0.055232 14.282 25.462
100 0.19712 3.95795 0.05392 14.27 25.4844
100 0.19632 3.92486 0.055744 14.2685 25.498
100 0.196576 3.92672 0.05472 14.2756 25.4998
100 0.201056 3.91382 0.054176 14.2793 25.5029
100 0.196256 3.93504 0.054368 14.2731 25.467
100 0.215296 3.92208 0.053824 14.2703 25.4594
100 0.197504 3.91347 0.05536 14.2688 25.491
100 0.199264 3.92285 0.054496 14.27 25.4712
100 0.201696 4.07709 0.053728 14.2716 25.4698
100 0.221088 3.92099 0.054848 14.274 25.4602
100 0.196352 3.93382 0.0544 14.2751 25.5599
