time to init output matrix (once): 168.998
4000 0.296064 4.23181 1.10157 14.25 25.5027
4000 0.276224 4.08128 1.09619 14.2524 25.4845
4000 0.276864 4.07949 1.09795 14.2717 25.4914
4000 0.298496 4.06973 1.09814 14.2613 25.4757
4000 0.2792 4.07578 1.09904 14.266 25.5076
4000 0.28048 4.07046 1.09706 14.2637 25.4902
4000 0.277088 4.08179 1.09626 14.2685 25.5321
4000 0.300608 4.07728 1.09795 14.2689 25.5178
4000 0.275104 4.07107 1.09824 14.2596 25.7742
4000 0.288768 4.10138 1.09949 14.258 25.7066
4000 0.241216 3.94845 1.09517 14.261 25.7356
4000 0.240768 3.93533 1.09565 14.2644 25.8169
4000 0.247136 3.94467 1.09587 14.2711 25.8135
4000 0.263808 3.93053 1.0937 14.2556 25.8529
4000 0.245472 3.93299 1.09421 14.2714 25.8289
4000 0.25184 3.93942 1.09472 14.2598 25.8189
4000 0.254976 3.93645 1.09645 14.2732 25.9343
4000 0.251904 3.98499 1.09446 14.2908 26.2763
4000 0.232448 3.92762 1.09654 14.2838 25.5856
4000 0.251744 4.04163 1.09818 14.2879 25.6096
4000 0.237024 3.97571 1.09626 14.2711 25.7678
4000 0.238816 3.97878 1.09597 14.2635 25.5716
4000 0.236352 3.97562 1.09603 14.2689 25.5903
4000 0.238592 3.95661 1.09456 14.2684 25.6298
4000 0.234496 3.99037 1.09578 14.2716 25.8239
4000 0.25424 4.06822 1.09709 14.2818 25.9156
4000 0.2336 3.94835 1.10064 14.2702 26.1162
4000 0.229792 3.9881 1.0984 14.3345 26.1027
4000 0.233632 4.04112 1.1008 14.2938 25.9553
4000 0.27648 4.15469 1.10154 14.2833 25.7605
4000 0.220032 3.97078 1.09734 14.2832 25.6808
4000 0.220032 4.04749 1.09686 14.2769 25.6106
4000 0.276896 4.0975 1.09974 14.269 25.884
4000 0.224128 3.95059 1.09872 14.2646 26.0334
4000 0.222304 3.92547 1.09802 14.2781 25.5784
4000 0.221504 3.94902 1.09901 14.279 25.5794
4000 0.271648 4.06349 1.09878 14.2768 25.5839
4000 0.272896 4.15424 1.09898 14.2763 25.8617
4000 0.22384 3.93558 1.09776 14.2719 25.5977
4000 0.21808 3.9729 1.09718 14.2771 25.7256
4000 0.272768 4.10397 1.09936 14.2711 25.4906
4000 0.270176 4.07638 1.09754 14.2737 25.7716
4000 0.301088 4.07558 1.09683 14.2734 25.5979
4000 0.23616 4.01226 1.09667 14.2769 25.6183
4000 0.252992 3.97491 1.09664 14.2714 25.9104
4000 0.231424 3.95245 1.09395 14.2791 25.7453
4000 0.250464 3.96563 1.0967 14.273 25.6064
4000 0.431936 4.3615 1.10064 14.2761 25.4963
4000 0.477728 4.07341 1.11677 14.2804 25.5038
4000 0.262208 4.0313 1.10224 14.2738 25.4771
4000 0.25392 4.06243 1.1017 14.2756 25.4871
4000 0.264 4.05565 1.10467 14.2885 25.4818
4000 0.210432 3.89498 1.10166 14.2781 25.7492
4000 0.216672 3.92419 1.09901 14.2821 25.7228
4000 0.217376 3.89574 1.09859 14.2715 25.6089
4000 0.216512 3.89664 1.09786 14.2768 25.9985
4000 0.210752 3.97955 1.09702 14.281 25.7773
4000 0.2144 3.90298 1.09942 14.2769 25.852
4000 0.216704 3.94218 1.09981 14.2765 25.6555
4000 0.216224 3.93501 1.09782 14.2654 25.5304
4000 0.21248 3.89482 1.09914 14.2622 25.6176
4000 0.225216 3.92749 1.0977 14.2691 26.1857
4000 0.221216 3.92506 1.11584 14.2719 25.6376
4000 0.231328 3.91984 1.09965 14.268 25.743
4000 0.215232 3.91741 1.09642 14.2643 25.8716
4000 0.25264 3.93565 1.10042 14.281 25.7638
4000 0.214688 3.91686 1.10186 14.2861 25.6032
4000 0.216288 3.89526 1.11331 14.266 25.7788
4000 0.219264 3.89603 1.09872 14.2753 25.6146
4000 0.216032 3.94874 1.0999 14.2683 25.8097
4000 0.210688 3.89395 1.09706 14.2797 26.0259
4000 0.214688 3.91725 1.10154 14.2818 25.7894
4000 0.2608 3.92858 1.0993 14.2763 25.6899
4000 0.220288 3.91981 1.10198 14.2806 25.7376
4000 0.215936 3.91683 1.09872 14.278 25.9326
4000 0.212448 3.91475 1.10054 14.2764 26.1173
4000 0.21072 3.93242 1.09731 14.2731 25.8763
4000 0.230016 3.93309 1.09808 14.271 26.1344
4000 0.229088 3.95226 1.09718 14.2747 25.8622
4000 0.211744 3.91069 1.09939 14.2742 25.8738
4000 0.213056 3.91334 1.09946 14.2748 25.8505
4000 0.229856 3.89459 1.09946 14.274 25.6931
4000 0.211584 3.91821 1.10032 14.2675 25.8053
4000 0.214368 3.92198 1.09936 14.2643 26.1879
4000 0.21376 3.96256 1.09898 14.2806 25.6775
4000 0.212032 3.88368 1.09926 14.2718 25.6858
4000 0.214432 3.90973 1.0985 14.2658 25.5944
4000 0.228928 3.90934 1.10637 14.2813 25.6512
4000 0.208064 3.90851 1.09968 14.2673 25.8752
4000 0.217856 3.91571 1.09837 14.2753 26.1017
4000 0.232992 3.96477 1.09958 14.2731 25.8033
4000 0.229472 3.89898 1.10173 14.2794 25.6147
4000 0.212192 3.99181 1.09878 14.2856 25.4872
4000 0.28656 4.1473 1.09917 14.2965 25.4962
4000 0.25072 4.08349 1.10131 14.2914 25.49
4000 0.24928 4.16973 1.10355 14.2756 25.4869
4000 0.251328 4.10531 1.10147 14.2764 25.5903
4000 0.253504 4.13731 1.10138 14.2743 25.5978
4000 0.263904 4.10742 1.10067 14.2786 25.5988
4000 0.25536 4.10278 1.09942 14.28 25.6445
