time to init output matrix (once): 145.919
1000 0.264736 4.25446 0.304064 14.2027 25.4758
1000 0.238784 4.05626 0.297568 14.2014 25.4773
1000 0.206144 3.97293 0.2928 14.2132 25.5988
1000 0.234816 4.02115 0.293856 14.2139 25.7487
1000 0.207808 3.95302 0.296 14.2193 25.587
1000 0.2248 3.95664 0.29472 14.215 26.0841
1000 0.20544 3.90365 0.299232 14.2118 25.8532
1000 0.22768 3.93686 0.293984 14.2135 25.9441
1000 0.199232 3.8903 0.292288 14.216 26.3316
1000 0.197856 3.93725 0.293344 14.2155 25.8711
1000 0.210944 3.96029 0.292768 14.2213 25.9713
1000 0.216192 4.04234 0.294016 14.2124 26.117
1000 0.201408 3.9441 0.307072 14.2068 25.9033
1000 0.214016 3.93226 0.295104 14.2196 25.9599
1000 0.279936 3.96432 0.3 14.2244 26.0969
1000 0.201632 3.94342 0.297696 14.2111 25.4945
1000 0.218816 4.01466 0.301152 14.2162 25.5033
1000 0.2088 3.93376 0.297504 14.2059 25.4684
1000 0.220512 3.97974 0.300544 14.2256 25.4853
1000 0.209984 4.0248 0.297952 14.2237 25.4793
1000 0.209024 3.92442 0.29792 14.2163 25.4684
1000 0.249984 4.09283 0.297472 14.2175 25.4903
1000 0.233376 4.02915 0.302208 14.2215 25.4937
1000 0.212768 4.0319 0.300096 14.2358 25.4806
1000 0.208192 3.98141 0.299552 14.2107 25.4748
1000 0.227104 4.00547 0.300096 14.216 25.5701
1000 0.210976 4.04138 0.2984 14.2195 25.6718
1000 0.217984 4.02173 0.301248 14.261 25.4916
1000 0.207424 3.97155 0.297408 14.2068 25.4793
1000 0.223552 4.08246 0.301952 14.211 25.4922
1000 0.220832 4.03888 0.299168 14.2108 25.5092
1000 0.219232 4.06022 0.299776 14.2181 25.4776
1000 0.207424 3.93171 0.298144 14.2087 25.4762
1000 0.206176 3.93293 0.298432 14.2171 25.4807
1000 0.207104 3.94122 0.298016 14.2199 25.6539
1000 0.25392 4.08422 0.298944 14.2065 25.7396
1000 0.208992 3.9609 0.29472 14.2149 25.5854
1000 0.213376 3.9712 0.293888 14.2107 26.132
1000 0.21536 3.94746 0.292864 14.2197 25.5981
1000 0.288512 3.94826 0.295104 14.2202 25.5854
1000 0.235456 4.02589 0.294144 14.2126 25.5944
1000 0.202944 3.89222 0.294528 14.224 25.732
1000 0.205536 3.93146 0.291808 14.2089 25.5821
1000 0.230432 4.21338 0.294784 14.2106 25.4889
1000 0.267776 4.0679 0.301984 14.2293 25.4878
1000 0.241568 4.06739 0.299872 14.2117 25.4804
1000 0.248032 4.06365 0.301024 14.2223 25.4926
1000 0.240224 3.9144 0.298368 14.208 25.693
1000 0.204736 3.91648 0.298848 14.2214 25.7819
1000 0.20704 3.92973 0.312032 14.2129 25.7396
1000 0.20656 3.94154 0.298848 14.2114 25.7877
1000 0.205696 3.98982 0.297472 14.2198 25.7506
1000 0.20736 3.91795 0.298112 14.2235 25.6874
1000 0.205664 3.9167 0.317504 14.2122 25.7758
1000 0.20672 3.97862 0.296992 14.2104 25.5823
1000 0.203776 3.9248 0.29776 14.2161 25.7582
1000 0.211872 3.91686 0.298368 14.2235 25.8237
1000 0.204992 3.94774 0.297728 14.2051 25.6643
1000 0.21216 3.93197 0.298784 14.2053 25.7791
1000 0.21184 3.92198 0.298368 14.2107 25.7924
1000 0.204448 3.92662 0.299264 14.212 25.6808
1000 0.212832 3.9615 0.298592 14.2198 25.7118
1000 0.208256 3.92602 0.297472 14.226 25.6813
1000 0.208832 3.93072 0.299392 14.2188 25.5957
1000 0.20624 3.93725 0.298016 14.2106 25.5844
1000 0.20064 3.93094 0.298272 14.2148 25.5956
1000 0.206624 3.95066 0.296 14.2073 25.563
1000 0.204448 3.93213 0.29824 14.2164 25.5956
1000 0.21232 3.91315 0.298496 14.2085 25.5849
1000 0.232416 3.91706 0.298848 14.219 25.6213
1000 0.203328 3.91098 0.298304 14.2155 25.6908
1000 0.210048 3.97693 0.298528 14.2036 25.5935
1000 0.25232 3.93926 0.29808 14.2065 25.5988
1000 0.200768 3.94106 0.299456 14.2221 25.6278
1000 0.203424 3.9256 0.297248 14.2226 25.6974
1000 0.20752 3.94058 0.298752 14.2197 25.5839
1000 0.205568 3.92106 0.298816 14.23 25.5729
1000 0.21888 3.9159 0.29984 14.2172 25.5991
1000 0.20944 3.94582 0.298432 14.2167 25.6485
1000 0.2128 3.92323 0.298752 14.2239 25.6239
1000 0.204608 3.93158 0.29824 14.2191 25.6071
1000 0.20288 3.95578 0.298368 14.2151 25.6161
1000 0.208864 3.92989 0.298624 14.2188 25.5818
1000 0.204288 3.96781 0.298816 14.2194 25.8803
1000 0.203744 3.95498 0.29792 14.2349 25.6263
1000 0.204448 3.92701 0.29856 14.2243 25.5736
1000 0.203008 3.96074 0.298336 14.2211 25.8228
1000 0.2088 3.92096 0.298688 14.2187 25.594
1000 0.208192 3.94682 0.297824 14.2308 25.6169
1000 0.208 3.92758 0.298048 14.219 25.6073
1000 0.20464 3.94205 0.298816 14.2218 25.7187
1000 0.205728 3.95341 0.298432 14.224 25.6049
1000 0.204096 3.9751 0.299776 14.2244 25.7726
1000 0.212064 3.91382 0.299008 14.2217 25.5757
1000 0.206112 3.91597 0.298432 14.2151 25.6645
1000 0.227232 3.9272 0.298848 14.2212 25.573
1000 0.204224 3.95046 0.298944 14.2259 25.7417
1000 0.2136 3.93155 0.299808 14.2303 25.5953
1000 0.204224 3.92141 0.298528 14.2217 25.5981
1000 0.208608 3.91414 0.297728 14.2324 25.7413
