time to init output matrix (once): 151.638
2000 0.256064 4.17181 0.569664 14.2172 25.4828
2000 0.240288 4.04726 0.563136 14.2258 25.4845
2000 0.237984 4.05667 0.562496 14.2336 25.502
2000 0.239072 4.03782 0.56768 14.2445 25.4844
2000 0.241088 4.04349 0.566528 14.2483 25.486
2000 0.235936 4.0351 0.565728 14.2397 25.4977
2000 0.239776 4.0415 0.560608 14.2378 25.4848
2000 0.241056 4.03107 0.565888 14.2351 25.483
2000 0.244224 4.02838 0.56592 14.2375 25.5155
2000 0.24464 4.04762 0.564448 14.2356 25.696
2000 0.243808 4.05504 0.5656 14.2431 25.7612
2000 0.242336 4.0681 0.564608 14.2356 25.7235
2000 0.212128 3.92096 0.560864 14.2364 25.8803
2000 0.203488 3.93725 0.561376 14.2218 25.9618
2000 0.207136 3.90378 0.560224 14.2373 25.8435
2000 0.206304 3.90182 0.560992 14.2346 25.844
2000 0.20448 3.91574 0.560384 14.2328 25.6939
2000 0.197728 3.90675 0.559936 14.2372 25.8708
2000 0.213792 3.89392 0.561664 14.2436 25.9088
2000 0.205984 3.97325 0.561312 14.2337 25.8609
2000 0.201632 3.90086 0.56048 14.239 25.7968
2000 0.227872 3.89971 0.56064 14.2371 25.8148
2000 0.202816 3.8985 0.559808 14.2377 25.8708
2000 0.20848 3.89536 0.56016 14.2319 25.8708
2000 0.2024 3.91542 0.55936 14.2311 25.8161
2000 0.223616 3.91453 0.559712 14.2498 25.8963
2000 0.220736 3.90893 0.5616 14.2466 25.8708
2000 0.203552 3.90077 0.559552 14.2883 25.8324
2000 0.210208 3.92515 0.560352 14.2558 25.9693
2000 0.204064 3.90109 0.559616 14.243 25.8551
2000 0.226144 3.89741 0.561216 14.2485 25.8636
2000 0.206784 3.90198 0.561856 14.2521 25.8141
2000 0.20336 3.89674 0.56208 14.25 25.7717
2000 0.208992 3.91958 0.573408 14.2569 25.8803
2000 0.223648 3.9104 0.55984 14.2511 25.8865
2000 0.20624 3.8969 0.5616 14.2573 25.8768
2000 0.20736 3.9016 0.56048 14.2517 25.8625
2000 0.204064 3.91664 0.560448 14.24 25.8427
2000 0.202656 3.93581 0.56128 14.2396 25.778
2000 0.255488 4.09254 0.566752 14.2605 25.4738
2000 0.256032 4.07734 0.570496 14.2528 25.4927
2000 0.337248 4.09168 0.567136 14.2555 25.476
2000 0.218112 3.95619 0.565888 14.2497 25.5804
2000 0.216512 3.98381 0.56656 14.2407 25.614
2000 0.233568 3.92989 0.567584 14.2472 25.62
2000 0.22832 3.93318 0.566848 14.2514 25.6446
2000 0.220192 3.9345 0.565504 14.2491 25.635
2000 0.224192 3.92538 0.567456 14.2539 25.6869
2000 0.21584 3.94371 0.565376 14.259 25.6375
2000 0.22416 3.94806 0.566752 14.2572 25.8298
2000 0.214592 3.95866 0.567616 14.2659 25.7933
2000 0.22608 3.9215 0.567808 14.2434 25.6857
2000 0.21648 3.93834 0.568512 14.246 25.6865
2000 0.218528 3.94179 0.5664 14.2439 25.7532
2000 0.2152 3.94445 0.566624 14.2572 25.782
2000 0.21808 3.92976 0.567872 14.2509 25.501
2000 0.23056 3.94893 0.565152 14.234 25.5181
2000 0.217376 3.94509 0.566112 14.2408 25.4846
2000 0.215776 3.93475 0.56704 14.248 25.5031
2000 0.218304 3.9337 0.5656 14.2469 25.5044
2000 0.213056 3.94438 0.566816 14.2451 25.5108
2000 0.219712 3.92931 0.566912 14.2495 25.4848
2000 0.218176 3.94118 0.572288 14.2548 25.4806
2000 0.220384 3.93101 0.565888 14.251 25.542
2000 0.22144 3.92432 0.566912 14.2482 25.4917
2000 0.218656 3.9257 0.56576 14.2529 25.9255
2000 0.214432 3.91722 0.565632 14.2479 25.5267
2000 0.226112 3.90906 0.5664 14.2521 25.637
2000 0.216032 3.92278 0.567392 14.2527 25.6665
2000 0.218304 3.93274 0.564704 14.2562 25.6198
2000 0.451072 4.00294 0.579456 14.2524 25.4872
2000 0.2472 4.05795 0.563808 14.2573 25.4796
2000 0.300512 4.04582 0.565024 14.2487 25.4812
2000 0.241312 4.03446 0.563936 14.25 25.478
2000 0.239872 4.05482 0.5632 14.2524 25.4841
2000 0.22272 3.93533 0.566272 14.2531 25.4765
2000 0.22112 3.93811 0.56832 14.2436 25.7078
2000 0.243136 4.00963 0.565952 14.252 26.0642
2000 0.215424 3.93261 0.566784 14.2556 25.7372
2000 0.23264 3.96861 0.56672 14.2491 26.1121
2000 0.231648 3.95782 0.56848 14.2586 25.718
2000 0.216736 3.9216 0.566112 14.2596 25.5013
2000 0.213728 3.92166 0.56592 14.2484 25.5081
2000 0.222752 3.93488 0.567872 14.2468 25.6558
2000 0.2176 3.93462 0.56656 14.2454 25.7234
2000 0.223584 3.96688 0.566464 14.2498 25.7831
2000 0.219104 3.93411 0.578848 14.2442 25.7978
2000 0.21552 3.9296 0.564064 14.2344 25.8009
2000 0.215392 3.94291 0.566816 14.241 25.6244
2000 0.22336 3.92928 0.565024 14.2329 25.7048
2000 0.223808 3.93354 0.56464 14.2391 25.5188
2000 0.21856 3.92605 0.567168 14.2538 25.7505
2000 0.22256 3.92538 0.567488 14.2425 25.6753
2000 0.219072 3.92624 0.569472 14.2457 25.6176
2000 0.21968 3.93411 0.57232 14.2534 25.4999
2000 0.219264 3.93936 0.567776 14.2528 25.4861
2000 0.215584 3.93034 0.56624 14.2471 25.5011
2000 0.222816 3.93648 0.566816 14.2354 25.4814
2000 0.213472 3.9152 0.566784 14.2591 25.5182
2000 0.225312 3.93901 0.568288 14.2583 25.4827
