time to init output matrix (once): 151.491
500 0.253056 4.55024 0.173696 14.2026 25.4912
500 0.241472 4.10074 0.166688 14.1922 25.5073
500 0.241376 4.08426 0.169632 14.1859 25.4846
500 0.214208 4.05786 0.166944 14.1907 25.5102
500 0.203744 4.02282 0.166304 14.1948 25.5686
500 0.207648 3.92198 0.167136 14.204 25.5969
500 0.235008 3.97754 0.166176 14.1971 25.6001
500 0.20192 3.92454 0.165632 14.2035 25.5931
500 0.206592 3.9329 0.164288 14.1943 25.7312
500 0.225792 3.99414 0.166496 14.2091 25.4948
500 0.21088 3.9544 0.163008 14.2007 25.5122
500 0.225536 3.98659 0.164128 14.2056 26.0302
500 0.200448 3.93366 0.165312 14.2063 25.731
500 0.226656 4.05194 0.168032 14.1981 26.0684
500 0.234048 3.91363 0.161344 14.1965 26.1889
500 0.200352 3.92893 0.16176 14.1936 26.0021
500 0.194752 3.92931 0.162752 14.1873 25.9306
500 0.22096 3.93325 0.161696 14.1917 25.5834
500 0.226368 3.95018 0.161792 14.1983 25.729
500 0.19664 3.93651 0.179968 14.1933 25.8028
500 0.233184 3.91773 0.160576 14.1942 25.7038
500 0.19968 3.9088 0.161408 14.1956 25.7436
500 0.196928 3.91683 0.160576 14.1888 25.7338
500 0.201056 3.94557 0.160192 14.1882 25.7323
500 0.202528 3.91459 0.171136 14.1924 25.7131
500 0.197376 3.95466 0.160864 14.2073 25.7295
500 0.216064 3.93398 0.160448 14.2144 25.6852
500 0.198496 3.92816 0.16096 14.2399 25.7974
500 0.204832 3.93712 0.16176 14.2103 25.6376
500 0.197696 3.91494 0.161696 14.2024 25.6141
500 0.223712 3.92579 0.15984 14.194 25.5971
500 0.195744 3.93779 0.161248 14.209 25.6452
500 0.199808 3.94419 0.16112 14.1958 25.5993
500 0.195264 3.92842 0.175296 14.2029 25.6361
500 0.202784 3.91942 0.161856 14.21 25.6141
500 0.204928 3.96544 0.162496 14.1947 25.6294
500 0.197472 3.91693 0.161824 14.2012 25.5995
500 0.199552 3.94461 0.16096 14.1944 25.6491
500 0.20064 3.90778 0.16112 14.1937 25.6223
500 0.203616 3.90678 0.160896 14.2111 25.5845
500 0.2112 3.9249 0.160992 14.2092 25.5702
500 0.217696 3.9153 0.16224 14.1922 25.6619
500 0.198048 3.95562 0.161952 14.2037 25.6408
500 0.197184 3.93405 0.160576 14.2083 25.6377
500 0.197664 3.91802 0.161824 14.2013 25.6405
500 0.199616 3.91002 0.161408 14.2051 25.5988
500 0.223872 3.9161 0.161824 14.2077 25.6043
500 0.229696 3.95021 0.161152 14.2063 25.6623
500 0.197024 3.95098 0.16176 14.2081 25.5962
500 0.198336 3.95827 0.160352 14.2028 25.6122
500 0.197344 3.9209 0.16064 14.2063 25.6635
500 0.195488 3.91987 0.1616 14.2115 25.5849
500 0.198272 3.95978 0.162272 14.2053 25.5854
500 0.199456 3.93984 0.175552 14.2177 25.7183
500 0.1976 3.91974 0.161696 14.1989 25.5901
500 0.197984 3.91181 0.161248 14.2015 25.6193
500 0.22512 3.91578 0.16128 14.208 25.6092
500 0.198688 3.91251 0.16128 14.21 25.6605
500 0.201984 3.94224 0.161312 14.2033 25.5784
500 0.195488 3.91386 0.162144 14.2103 25.6134
500 0.206432 3.92608 0.161856 14.215 25.6954
500 0.210272 3.92925 0.16112 14.214 25.585
500 0.19568 3.91587 0.161152 14.2059 25.658
500 0.195584 3.91533 0.163264 14.1988 25.6243
500 0.19776 3.91763 0.160704 14.1939 25.6512
500 0.215744 3.92262 0.161024 14.2 25.5967
500 0.2032 3.94701 0.163232 14.1938 25.5132
500 0.19936 3.91578 0.161312 14.1956 25.6336
500 0.197056 3.92003 0.161536 14.196 25.6183
500 0.219648 3.91888 0.161792 14.2043 25.6478
500 0.220128 3.92064 0.162752 14.2079 25.5949
500 0.197408 3.92179 0.162432 14.2045 25.5873
500 0.261696 3.90678 0.16224 14.2042 25.6254
500 0.196864 3.92896 0.161056 14.1976 25.6069
500 0.197728 3.91686 0.160192 14.2009 25.5982
500 0.200352 3.92627 0.160864 14.2058 25.6056
500 0.197856 3.93882 0.162016 14.2088 25.6334
500 0.225984 3.93779 0.161312 14.2004 25.6067
500 0.198176 3.91059 0.160672 14.211 25.565
500 0.201344 3.95578 0.162208 14.2131 25.6167
500 0.199104 3.94294 0.16128 14.2041 25.6004
500 0.222144 3.93782 0.161056 14.2127 25.6179
500 0.198784 3.9257 0.161216 14.2271 25.622
500 0.21984 3.91494 0.176768 14.212 25.5956
500 0.203936 3.93395 0.161056 14.2105 25.6048
500 0.213088 3.90829 0.16128 14.2046 25.7109
500 0.206208 3.9223 0.16064 14.2158 25.6036
500 0.198176 3.92138 0.161792 14.211 25.6063
500 0.202048 3.9312 0.162304 14.2075 25.6226
500 0.197152 3.93059 0.16272 14.1984 25.5859
500 0.19888 3.93462 0.162208 14.1989 25.5876
500 0.213728 3.92157 0.160736 14.2078 25.5948
500 0.217408 3.9175 0.162016 14.2048 25.5418
500 0.214656 3.91776 0.16176 14.2154 25.6001
500 0.199456 3.9111 0.160928 14.2133 25.5957
500 0.203648 3.91363 0.162368 14.2156 25.6382
500 0.199488 3.92016 0.162144 14.1995 25.6078
500 0.198272 3.93286 0.1608 14.2121 26.0444
500 0.201248 3.91376 0.161376 14.2091 25.6293
500 0.216704 3.9183 0.160928 14.2129 25.956
