time to init output matrix (once): 148.194
300 0.291296 4.24864 0.120704 14.256 25.4925
300 0.231872 4.07782 0.11152 14.2666 25.4703
300 0.225568 4.00877 0.109312 14.2601 25.4686
300 0.194528 3.9057 0.107904 14.278 25.4664
300 0.235968 4.16131 0.115424 14.2766 25.4967
300 0.21344 3.95834 0.113344 14.2772 25.5804
300 0.211328 4.07722 0.114336 14.2643 26.0101
300 0.238752 4.13894 0.113888 14.2827 25.5835
300 0.236832 4.08512 0.113376 14.2722 25.483
300 0.227392 3.97747 0.111104 14.2655 25.6022
300 0.209984 3.91187 0.113216 14.2729 25.5677
300 0.196672 3.91866 0.110432 14.2681 25.5861
300 0.204704 3.97066 0.11568 14.2721 25.5828
300 0.2128 3.9553 0.11024 14.2683 25.5971
300 0.213344 4.12925 0.111232 14.271 26.4702
300 0.213664 3.95542 0.110144 14.2716 26.2747
300 0.233056 3.96592 0.110112 14.2718 25.5987
300 0.197888 3.91587 0.108288 14.2705 25.6037
300 0.20144 3.91382 0.107776 14.2651 25.5876
300 0.194528 3.91229 0.10832 14.2692 25.5613
300 0.207488 3.92995 0.108032 14.2651 25.6862
300 0.20352 3.96432 0.108448 14.2607 25.4993
300 0.211936 3.95533 0.111584 14.2754 26.1064
300 0.194912 3.95536 0.130752 14.2689 25.7643
300 0.207328 4.04589 0.112928 14.2713 25.4822
300 0.208672 3.9247 0.109888 14.2695 26.0005
300 0.197216 3.96106 0.108128 14.2842 25.89
300 0.213792 4.02768 0.109376 14.3284 25.7014
300 0.229792 3.96019 0.114816 14.278 25.4874
300 0.210336 3.96598 0.109568 14.2721 26.1018
300 0.208224 3.91629 0.108768 14.2638 25.8037
300 0.218528 3.92205 0.110048 14.278 25.9058
300 0.197056 3.98624 0.122656 14.2748 26.2276
300 0.235648 3.93459 0.108736 14.2885 25.8446
300 0.232768 4.0432 0.109504 14.2624 26.0954
300 0.19472 3.94109 0.107936 14.2821 26.0381
300 0.21936 3.95933 0.10976 14.2607 25.9676
300 0.194016 3.9304 0.107616 14.2573 26.0001
300 0.203424 3.9585 0.108608 14.2613 26.1464
300 0.191488 3.93645 0.108832 14.2654 26.1179
300 0.194752 3.96176 0.107648 14.2579 25.9511
300 0.395584 3.95011 0.12512 14.2775 25.917
300 0.193728 3.90838 0.10656 14.265 25.9026
300 0.194912 3.90208 0.108832 14.267 26.025
300 0.201984 3.95619 0.126528 14.2668 26.0297
300 0.218816 4.00118 0.10784 14.2011 25.7818
300 0.212 4.12333 0.109984 14.198 26.142
300 0.211488 3.99939 0.108192 14.1908 26.0145
300 0.250208 4.14928 0.114816 14.2086 26.2746
300 0.2056 3.94646 0.110592 14.1867 25.8777
300 0.205824 4.00256 0.113376 14.189 25.4847
300 0.212256 4.15965 0.116512 14.2064 26.504
300 0.196672 3.93366 0.113376 14.1948 25.5116
300 0.226272 4.03046 0.1152 14.1977 25.9287
300 0.237216 4.14326 0.110944 14.2081 25.464
300 0.240544 4.08301 0.111552 14.1957 25.4852
300 0.203712 3.92592 0.111488 14.1981 25.748
300 0.206496 4.07638 0.112768 14.2192 26.0417
300 0.23104 3.93773 0.109984 14.1958 26.0064
300 0.212704 3.96051 0.109952 14.1973 25.8828
300 0.193664 3.91872 0.110304 14.191 25.9599
300 0.203104 3.99501 0.111488 14.2022 25.5993
300 0.196192 3.91318 0.108896 14.1983 25.9987
300 0.209248 3.99731 0.108448 14.2062 25.8289
300 0.202944 3.95648 0.109024 14.1994 25.48
300 0.211264 3.97747 0.106656 14.2008 26.1847
300 0.228 3.93853 0.10768 14.2005 25.4698
300 0.246432 4.15411 0.116 14.2002 25.4921
300 0.234368 4.10474 0.114688 14.2113 25.4803
300 0.23072 4.07763 0.113696 14.2108 25.8937
300 0.23472 4.05987 0.11216 14.1927 25.614
300 0.213184 3.9688 0.108992 14.1894 25.5724
300 0.253888 3.92272 0.107936 14.2014 25.6013
300 0.206624 3.95827 0.108384 14.2042 25.5834
300 0.452352 4.00515 0.137376 14.1961 25.6993
300 0.233696 4.11184 0.116544 14.2063 25.4865
300 0.237728 4.10144 0.118592 14.1925 25.4832
300 0.23168 4.09171 0.116832 14.1927 25.4728
300 0.207936 3.97274 0.112896 14.1982 25.5118
300 0.20928 3.96022 0.116128 14.2008 25.4687
300 0.195392 3.91603 0.109824 14.1986 25.6377
300 0.210112 3.96339 0.113216 14.1998 25.4811
300 0.192896 3.92877 0.110848 14.2061 25.4798
300 0.194144 3.9433 0.110048 14.2075 26.6621
300 0.232704 4.1367 0.11376 14.2118 25.747
300 0.22768 4.07645 0.10992 14.2103 25.5282
300 0.272736 4.05926 0.111648 14.208 25.5128
300 0.233728 4.07338 0.110464 14.1971 25.4872
300 0.195936 3.98016 0.113088 14.1981 26.4822
300 0.210176 3.91571 0.111008 14.196 25.646
300 0.275232 3.99171 0.111136 14.1877 25.8868
300 0.195744 3.93043 0.11088 14.1888 26.0315
300 0.231936 3.92189 0.110848 14.1934 25.944
300 0.205536 3.96704 0.11184 14.187 25.4911
300 0.233568 3.94768 0.108672 14.1941 26.1039
300 0.21328 3.92678 0.10976 14.1862 26.1675
300 0.199296 3.93603 0.111968 14.1847 25.7053
300 0.208832 3.92195 0.110752 14.1847 25.8695
300 0.208512 4.03811 0.112992 14.1878 25.487
300 0.196736 3.94659 0.112032 14.182 25.4726
