time to init output matrix (once): 152.04
2500 0.251488 4.1968 0.702784 14.2361 25.488
2500 0.256992 4.04298 0.696128 14.244 25.4849
2500 0.241856 4.056 0.695616 14.2517 25.4737
2500 0.34784 4.03498 0.698304 14.2502 25.4868
2500 0.246016 4.05779 0.697152 14.2349 25.4832
2500 0.250144 4.04064 0.69632 14.2512 25.5061
2500 0.241792 4.06282 0.696704 14.2387 25.4996
2500 0.241664 4.04211 0.695904 14.2415 25.5031
2500 0.25312 4.06701 0.699872 14.2525 25.4885
2500 0.270528 4.05917 0.696032 14.2529 25.489
2500 0.247104 4.05181 0.694528 14.2486 25.4836
2500 0.250496 4.05827 0.696928 14.2505 25.4856
2500 0.246432 4.05325 0.697344 14.249 25.4916
2500 0.25312 4.04819 0.696224 14.2485 25.7558
2500 0.262784 4.07936 0.69808 14.2478 25.7596
2500 0.213216 3.93955 0.692032 14.2419 26.0394
2500 0.210944 3.90787 0.690944 14.2399 25.8206
2500 0.208288 3.89805 0.693184 14.245 25.8881
2500 0.209472 3.95126 0.693184 14.2451 25.8358
2500 0.216736 3.92979 0.693856 14.2474 25.882
2500 0.216032 3.95488 0.693472 14.2443 25.8477
2500 0.206848 3.92134 0.693312 14.2399 25.9312
2500 0.216032 3.94278 0.694272 14.2462 25.6818
2500 0.230688 3.9152 0.694432 14.2459 25.5732
2500 0.229632 3.92816 0.695584 14.2525 25.609
2500 0.214176 3.91894 0.694848 14.2493 25.5843
2500 0.211808 3.93014 0.693984 14.2533 25.634
2500 0.212352 3.92426 0.692064 14.2967 25.6083
2500 0.211936 3.93555 0.691904 14.2396 25.6983
2500 0.240864 3.93069 0.693696 14.2522 25.5804
2500 0.213632 3.93187 0.693824 14.2713 25.5572
2500 0.218368 3.92147 0.694304 14.2545 25.5905
2500 0.216 3.94832 0.693536 14.2628 25.5627
2500 0.211328 3.93123 0.694496 14.2438 25.689
2500 0.231712 3.91229 0.693152 14.2539 25.6211
2500 0.210784 3.93338 0.693408 14.2559 25.6516
2500 0.22128 3.90918 0.694912 14.2519 25.6099
2500 0.212064 3.92349 0.692256 14.2464 25.5869
2500 0.214208 3.91126 0.693376 14.2413 25.6174
2500 0.211968 3.91462 0.69392 14.2515 25.7152
2500 0.212736 3.92909 0.691392 14.2523 25.5988
2500 0.214976 3.99939 0.692416 14.2677 25.4861
2500 0.262944 4.05562 0.70016 14.2564 25.4782
2500 0.250304 4.07267 0.699744 14.246 25.4774
2500 0.260512 4.02118 0.698368 14.2441 25.5885
2500 0.218016 3.96909 0.699136 14.246 25.967
2500 0.209536 3.96141 0.693568 14.2484 25.8729
2500 0.235136 3.94576 0.694688 14.2511 25.7224
2500 0.236832 3.9648 0.693632 14.2506 25.7028
2500 0.991648 3.97171 0.708736 14.2528 25.7388
2500 0.234368 3.99315 0.694912 14.2461 26.105
2500 0.219456 3.97344 0.694432 14.2607 25.9708
2500 0.235264 3.99133 0.694944 14.2409 25.8324
2500 0.210272 3.90518 0.693184 14.2475 26.4542
2500 0.221024 3.9713 0.69488 14.2568 25.7223
2500 0.212224 3.92435 0.693728 14.2541 25.7054
2500 0.226432 3.96035 0.694912 14.2588 25.962
2500 0.253504 4.04173 0.700608 14.2503 25.9825
2500 0.226656 3.92973 0.698624 14.2547 25.9408
2500 0.234592 3.92672 0.697952 14.2472 26.1132
2500 0.234432 4.03539 0.699488 14.2492 25.5667
2500 0.256064 4.07738 0.698464 14.2503 25.494
2500 0.254368 4.10742 0.698112 14.2441 25.4955
2500 0.252608 4.10941 0.697952 14.2457 25.5345
2500 0.251936 4.14467 0.697632 14.2457 25.9484
2500 0.241664 3.99706 0.695264 14.2635 26.1097
2500 0.233088 3.9233 0.696768 14.2462 25.7694
2500 0.234432 3.97987 0.701216 14.2474 26.0729
2500 0.239424 3.98083 0.699456 14.2535 25.4974
2500 0.25472 4.36253 0.698432 14.2586 25.4782
2500 0.251328 4.0832 0.701344 14.2483 25.4943
2500 0.220608 3.94099 0.695744 14.2545 25.741
2500 0.261216 3.94944 0.694432 14.2463 25.7144
2500 0.220064 3.96714 0.694368 14.2494 25.77
2500 0.20896 3.9144 0.693344 14.2521 25.7009
2500 0.225856 3.97024 0.695072 14.2721 25.7206
2500 0.3632 4.40794 0.700704 14.2673 25.6775
2500 0.217856 3.93286 0.696448 14.2439 25.4802
2500 0.218144 3.98739 0.695328 14.2444 25.489
2500 0.245888 4.0401 0.698816 14.2524 25.4977
2500 0.243904 4.04419 0.70064 14.2539 25.4841
2500 0.250528 4.07718 0.698528 14.2579 25.4826
2500 0.240352 4.05501 0.699808 14.2643 25.4862
2500 0.24976 4.05725 0.700768 14.2641 25.4864
2500 0.248832 4.0656 0.7 14.2637 25.4845
2500 0.242528 4.07786 0.697504 14.2578 25.4718
2500 0.244608 4.0593 0.696832 14.2592 25.4846
2500 0.247296 4.04822 0.69776 14.2548 25.5123
2500 0.245312 4.04848 0.699104 14.254 25.485
2500 0.243616 4.04931 0.697216 14.2606 25.4727
2500 0.2544 4.05427 0.69968 14.2678 25.4868
2500 0.249184 4.06426 0.698176 14.2661 25.485
2500 0.256544 4.05949 0.697472 14.2586 25.4751
2500 0.250624 4.07658 0.697728 14.2634 25.6708
2500 0.248352 4.06621 0.698912 14.2644 25.672
2500 0.248224 4.1048 0.7008 14.2747 25.6762
2500 0.25936 4.06416 0.699616 14.2636 25.7049
2500 0.245536 4.05635 0.699232 14.2591 25.7191
2500 0.256608 4.08099 0.697856 14.2683 25.6665
2500 0.269408 4.04851 0.699008 14.2508 25.7284
