time to init output matrix (once): 151.94
3000 0.266336 4.21722 0.838592 14.2438 25.482
3000 0.242368 4.06182 0.828672 14.2561 25.5844
3000 0.249248 4.04963 0.836512 14.2463 25.4889
3000 0.2424 4.05597 0.8288 14.2381 25.4808
3000 0.253536 4.06285 0.8312 14.2563 25.4905
3000 0.243104 4.05056 0.832256 14.2491 25.4852
3000 0.249824 4.04858 0.826784 14.2494 25.4847
3000 0.265472 4.0399 0.830784 14.2545 25.4892
3000 0.24992 4.04512 0.82896 14.2546 25.4787
3000 0.243776 4.06198 0.828256 14.2459 25.4827
3000 0.245984 4.0464 0.829376 14.2525 25.4845
3000 0.248352 4.04579 0.828928 14.2465 25.4786
3000 0.27312 4.06298 0.833856 14.25 25.5524
3000 0.257856 4.07354 0.833472 14.2514 25.5544
3000 0.259456 4.06864 0.833248 14.2443 25.5564
3000 0.262688 4.07898 0.83248 14.2486 25.5597
3000 0.261152 4.09584 0.833888 14.2668 25.5648
3000 0.265184 4.07066 0.832 14.2569 25.5639
3000 0.260064 4.0697 0.832352 14.2534 25.5584
3000 0.266144 4.08179 0.83472 14.2536 25.5133
3000 0.26736 4.10032 0.833888 14.2458 25.482
3000 0.27104 4.07542 0.834848 14.2554 25.4775
3000 0.2656 4.08416 0.835136 14.2499 25.4949
3000 0.26768 4.10266 0.835648 14.2566 25.4808
3000 0.227072 3.92406 0.83152 14.2532 25.5584
3000 0.22832 3.93776 0.8336 14.244 25.5737
3000 0.234016 3.9415 0.832896 14.2582 25.6084
3000 0.233664 3.93155 0.831616 14.296 25.6992
3000 0.228832 3.9304 0.835072 14.2568 25.8532
3000 0.224704 3.96893 0.832032 14.2563 25.7533
3000 0.225952 3.96742 0.83312 14.2603 25.6912
3000 0.228128 3.95197 0.83216 14.2649 25.4854
3000 0.227552 3.92758 0.83312 14.2527 25.4885
3000 0.242944 3.97763 0.836384 14.2673 25.7199
3000 0.230144 3.94976 0.833408 14.2686 25.5652
3000 0.23152 3.93101 0.834176 14.2548 25.6847
3000 0.228192 4.05946 0.83488 14.2635 25.6946
3000 0.227904 3.94842 0.8328 14.2839 25.7172
3000 0.223104 3.93843 0.836384 14.2638 25.482
3000 0.224448 3.93152 0.833472 14.262 25.4805
3000 0.227392 3.9304 0.83296 14.2742 25.487
3000 0.220512 3.91904 0.845568 14.2768 25.55
3000 0.22768 3.9271 0.835712 14.2796 25.4792
3000 0.240928 3.93632 0.832064 14.2682 25.4842
3000 0.23408 3.93299 0.834112 14.2726 25.4867
3000 0.225824 3.93619 0.836928 14.279 25.7989
3000 0.236288 3.96886 0.835264 14.2756 25.7633
3000 0.231968 3.95235 0.834752 14.2687 25.7579
3000 0.230912 3.96733 0.835008 14.2811 25.7463
3000 0.223904 3.94339 0.834624 14.2805 25.5966
3000 0.22528 3.93555 0.8344 14.2825 25.5605
3000 0.230496 3.92323 0.837728 14.2827 25.8635
3000 0.230912 3.94336 0.83584 14.2847 25.6182
3000 0.225088 3.94701 0.835008 14.2736 25.8389
3000 0.2432 3.92138 0.83488 14.2705 25.5074
3000 0.22272 3.92646 0.834144 14.2858 25.5786
3000 0.22672 3.91798 0.836928 14.276 25.606
3000 0.228672 3.92746 0.834336 14.2833 25.4833
3000 0.229792 3.93472 0.836 14.2776 25.48
3000 0.22976 3.94778 0.835872 14.2777 25.479
3000 0.233856 3.9464 0.833376 14.2696 25.4799
3000 0.226784 3.94147 0.831712 14.2687 25.4843
3000 0.23232 3.94038 0.835104 14.2638 25.48
3000 0.226848 3.94237 0.833536 14.2613 25.4764
3000 0.228864 3.92765 0.835296 14.2644 25.4763
3000 0.225408 3.9399 0.834336 14.2655 25.4803
3000 0.22848 3.93094 0.831456 14.2697 25.4819
3000 0.228768 3.93578 0.833728 14.272 25.5084
3000 0.225568 3.91642 0.833856 14.26 25.7971
3000 0.225888 3.92442 0.849504 14.2596 25.474
3000 0.232352 3.92128 0.833344 14.262 25.4699
3000 0.232736 3.92538 0.831648 14.2613 25.4852
3000 0.278752 3.91738 0.832416 14.2712 25.4788
3000 0.22496 3.93539 0.833632 14.2687 25.4798
3000 0.233408 3.9376 0.836416 14.2633 25.4811
3000 0.22512 3.93795 0.836192 14.2581 25.4837
3000 0.23152 3.94323 0.849984 14.2615 25.487
3000 0.230944 3.92858 0.834496 14.2578 25.4695
3000 0.221184 3.92522 0.83152 14.2607 25.5452
3000 0.230912 3.93491 0.833056 14.2594 25.5755
3000 0.223808 3.94653 0.831968 14.2547 25.4803
3000 0.225728 3.94166 0.831072 14.2571 25.4706
3000 0.231264 3.94106 0.834496 14.2652 25.4837
3000 0.227936 3.93114 0.83536 14.2666 25.4796
3000 0.232928 3.92797 0.834272 14.2653 25.4844
3000 0.232 3.92621 0.8336 14.2598 25.9406
3000 0.227232 3.92544 0.833952 14.2572 25.4774
3000 0.226944 3.92221 0.831808 14.2672 25.4919
3000 0.227552 3.93328 0.831264 14.2631 25.4816
3000 0.222144 3.92851 0.835264 14.2495 25.4855
3000 0.220288 3.93034 0.83152 14.2527 25.4801
3000 0.222272 3.93344 0.831744 14.2461 25.4801
3000 0.220352 3.92326 0.83312 14.2527 25.4814
3000 0.222144 3.93939 0.829152 14.2503 25.4704
3000 0.22064 3.93712 0.832064 14.2514 25.48
3000 0.232192 3.93488 0.833728 14.2602 25.4717
3000 0.218976 4.95206 0.830976 14.2584 25.631
3000 0.22368 3.93968 0.832768 14.2572 25.4856
3000 0.224608 3.91856 0.833088 14.2583 25.4711
3000 0.225184 3.93744 0.830592 14.2516 25.48
