time to init output matrix (once): 146.752
400 0.253728 4.2608 0.150336 14.1756 25.4864
400 0.234816 4.14464 0.13808 14.1856 25.4676
400 0.234528 4.08294 0.13776 14.2007 25.4801
400 0.232864 4.12726 0.13936 14.1945 25.4729
400 0.237248 4.07309 0.138368 14.1976 25.4811
400 0.224256 3.93843 0.1344 14.1977 25.6916
400 0.204576 3.94336 0.164 14.2055 25.5986
400 0.206304 4.02477 0.135584 14.1948 26.1599
400 0.193216 3.90413 0.133472 14.2072 25.7487
400 0.212384 3.91466 0.134368 14.2014 25.84
400 0.229984 3.9623 0.136288 14.2109 25.7672
400 0.215264 3.93923 0.13424 14.1978 25.5891
400 0.217728 3.96314 0.136288 14.1936 25.5925
400 0.22256 3.95392 0.13568 14.202 25.5817
400 0.202464 3.93571 0.137504 14.1972 25.675
400 0.196352 3.92262 0.139136 14.1995 26.024
400 0.211488 4.06522 0.140864 14.2123 25.5948
400 0.210336 4.1239 0.13984 14.2097 25.7068
400 0.227136 4.12374 0.141824 14.2021 25.7774
400 0.197952 3.9351 0.156768 14.2081 25.5751
400 0.214592 3.98678 0.139392 14.2192 25.5984
400 0.200224 3.93789 0.138112 14.2071 25.6996
400 0.224128 3.95667 0.139168 14.2072 25.5441
400 0.235904 3.98778 0.13952 14.2072 26.2475
400 0.222528 3.93885 0.136192 14.2052 26.1429
400 0.207488 3.99098 0.1416 14.2072 25.5727
400 0.214976 3.93232 0.138848 14.213 25.5883
400 0.20928 3.9577 0.13984 14.2652 25.7953
400 0.206016 3.97219 0.139936 14.2193 25.4857
400 0.202592 3.95277 0.138496 14.2097 25.4724
400 0.234208 3.94794 0.139168 14.194 25.5782
400 0.228224 4.04954 0.142144 14.2136 25.5815
400 0.21184 4.1176 0.143712 14.2039 25.486
400 0.214336 4.10013 0.14288 14.2229 25.5277
400 0.217952 3.95206 0.138912 14.2157 25.5789
400 0.225952 3.99376 0.14304 14.2132 26.2295
400 0.227424 3.92922 0.138432 14.2328 25.6008
400 0.20992 4.00234 0.142432 14.2194 25.61
400 0.478112 4.11174 0.16208 14.2131 25.6119
400 0.239616 4.01971 0.140224 14.2133 25.4753
400 0.209216 3.97085 0.135264 14.2186 25.5079
400 0.207552 3.98842 0.136992 14.2143 25.5039
400 0.21312 3.96883 0.135776 14.2148 25.7297
400 0.20704 3.9545 0.135424 14.2263 25.5995
400 0.201824 3.95606 0.136192 14.2095 25.5876
400 0.227552 3.99757 0.137216 14.2152 25.93
400 0.1952 3.9448 0.135008 14.2262 26.0568
400 0.20416 3.96323 0.135072 14.2317 26.0966
400 0.194496 3.89952 0.13504 14.212 25.7486
400 0.205152 3.94954 0.135712 14.2146 25.5197
400 0.20864 3.94547 0.13568 14.2139 25.5105
400 0.21344 4.04205 0.141056 14.2166 25.4889
400 0.207904 3.96845 0.137696 14.2126 25.7004
400 0.221856 4.07117 0.140704 14.2165 25.4894
400 0.202752 4.08141 0.137376 14.2177 25.5773
400 0.201056 3.94944 0.139744 14.2155 25.5831
400 0.210976 4.05939 0.141856 14.2173 25.6025
400 0.214144 4.09696 0.141632 14.2097 25.5719
400 0.206464 4.04858 0.14112 14.2057 25.5911
400 0.21328 4.03667 0.140928 14.2068 25.4905
400 0.19968 4.04662 0.140128 14.2136 25.8189
400 0.213888 4.03037 0.142752 14.2154 25.4902
400 0.202816 3.95421 0.139968 14.2161 25.4881
400 0.202144 4.01946 0.138304 14.2185 25.59
400 0.202624 3.93382 0.138528 14.211 25.5945
400 0.199648 3.96157 0.138464 14.2125 25.5744
400 0.208896 4.00835 0.142816 14.2261 25.5745
400 0.212896 4.05334 0.141696 14.2193 25.4967
400 0.204544 3.96669 0.137856 14.204 25.6306
400 0.20192 3.92262 0.139328 14.2077 25.6052
400 0.208864 3.9809 0.142048 14.2223 25.6052
400 0.201504 4.0439 0.138688 14.2223 25.8439
400 0.241472 3.92701 0.138304 14.2184 25.8236
400 0.21104 4.01165 0.142176 14.2467 26.1129
400 0.202368 3.95872 0.134144 14.2172 25.9547
400 0.20384 3.9624 0.13552 14.2178 25.7851
400 0.255648 4.10192 0.143488 14.2236 25.4957
400 0.253952 4.0969 0.141664 14.218 25.4832
400 0.2336 4.1937 0.141312 14.2294 25.5448
400 0.239424 4.18323 0.144256 14.2229 25.495
400 0.272416 4.19226 0.140608 14.2231 25.4813
400 0.234624 4.06858 0.139456 14.2362 25.4768
400 0.236928 4.15578 0.142528 14.2285 25.4835
400 0.232864 4.08826 0.141536 14.2348 25.4813
400 0.236896 4.08467 0.14384 14.2293 25.4829
400 0.255616 4.08618 0.141472 14.2172 25.5748
400 0.2584 4.08445 0.13984 14.2341 25.4949
400 0.240256 4.35866 0.139712 14.2436 25.6433
400 0.242816 4.17203 0.142528 14.2379 25.4953
400 0.208288 4.06643 0.138688 14.2249 25.6085
400 0.214592 3.99776 0.14112 14.2221 26.1308
400 0.197184 3.9993 0.138016 14.2145 26.0636
400 0.215872 4.00326 0.140128 14.2123 25.7791
400 0.203584 3.98195 0.138752 14.225 26.3749
400 0.224224 3.9793 0.141888 14.2111 26.2261
400 0.197344 4.00205 0.138944 14.2187 26.1045
400 0.201984 3.94643 0.139904 14.2232 25.8108
400 0.21392 4.15782 0.138976 14.2107 26.0458
400 0.23776 3.94701 0.13904 14.2139 26.1103
400 0.224512 4.1023 0.14256 14.218 25.792
