time to init output matrix (once): 164.449
1500 0.252416 4.18061 0.436832 14.2216 25.5135
1500 0.25488 4.03341 0.430688 14.2298 25.4892
1500 0.237376 4.04886 0.43584 14.2348 25.4866
1500 0.237888 4.04886 0.42848 14.2287 25.4918
1500 0.234944 4.03859 0.430016 14.2341 25.5016
1500 0.247392 4.02794 0.432096 14.2231 25.4727
1500 0.2328 4.04797 0.428064 14.2214 25.5017
1500 0.24432 4.05235 0.430048 14.2377 25.5447
1500 0.234016 4.03808 0.431968 14.2332 25.4834
1500 0.250112 4.02781 0.428928 14.229 25.4981
1500 0.232352 4.04301 0.430656 14.2458 25.5223
1500 0.23776 4.04624 0.432416 14.2344 25.5195
1500 0.235296 4.04035 0.43072 14.2348 25.4726
1500 0.23216 4.04714 0.4296 14.239 25.4881
1500 0.23584 4.02947 0.430432 14.2256 25.5404
1500 0.235328 4.05318 0.432864 14.2188 25.4867
1500 0.237504 4.04426 0.431424 14.2228 25.4823
1500 0.241856 4.03763 0.4304 14.2225 25.4842
1500 0.236768 4.04336 0.43104 14.2281 25.5388
1500 0.231712 4.06102 0.430272 14.224 25.4881
1500 0.240448 4.03104 0.432224 14.2204 25.5225
1500 0.24032 4.03277 0.429824 14.2305 25.4772
1500 0.238464 4.05718 0.4296 14.2236 25.4849
1500 0.24752 4.05958 0.43104 14.2284 25.4738
1500 0.236864 4.036 0.429856 14.2402 25.5174
1500 0.244384 4.04688 0.430208 14.235 25.4862
1500 0.241472 4.04784 0.432608 14.2274 25.4834
1500 0.243072 4.04195 0.429664 14.2832 25.4814
1500 0.242688 4.0439 0.432448 14.2313 25.5293
1500 0.238272 4.03645 0.42944 14.2331 25.4961
1500 0.237568 4.05117 0.430272 14.2248 25.5395
1500 0.240192 4.03459 0.4304 14.2467 25.49
1500 0.240384 4.05258 0.43184 14.2467 25.5281
1500 0.235488 4.03472 0.4312 14.2344 25.506
1500 0.235648 4.05382 0.431072 14.2433 25.5071
1500 0.238016 4.03549 0.432 14.2532 25.473
1500 0.235584 4.0393 0.43104 14.2444 25.5008
1500 0.238624 4.03258 0.430176 14.2445 25.4722
1500 0.238112 4.04246 0.429184 14.2392 25.5004
1500 0.235392 4.03696 0.433216 14.2293 25.4851
1500 0.232096 4.03606 0.432544 14.2301 25.4996
1500 0.23376 4.03706 0.42976 14.2224 25.4791
1500 0.238528 4.03238 0.4312 14.2319 25.4997
1500 0.236384 4.03802 0.430304 14.2301 25.5107
1500 0.242208 4.06714 0.43072 14.2253 25.4843
1500 0.237248 4.03942 0.430368 14.2253 25.4833
1500 0.244032 4.04051 0.430848 14.2401 25.4853
1500 0.240032 4.04205 0.431488 14.2377 25.4962
1500 0.239872 4.04794 0.432736 14.2337 25.4971
1500 0.23856 4.04288 0.429696 14.2247 25.4926
1500 0.236896 4.04614 0.42944 14.229 25.4985
1500 0.234816 4.03674 0.431456 14.2217 25.5032
1500 0.235392 4.03514 0.431584 14.2343 25.4833
1500 0.242752 4.03088 0.428448 14.2234 25.4888
1500 0.235776 4.05869 0.430272 14.2311 25.7329
1500 0.241184 4.04451 0.431552 14.2351 25.6875
1500 0.200032 3.92074 0.42768 14.2325 25.9056
1500 0.201536 3.91853 0.427296 14.2323 26.0012
1500 0.200928 3.90573 0.42704 14.2324 25.8479
1500 0.223072 3.89469 0.424864 14.2301 25.8096
1500 0.204096 3.91517 0.427648 14.2187 26.0252
1500 0.22032 3.89882 0.428576 14.2276 25.9956
1500 0.20208 3.99181 0.4264 14.2305 25.8774
1500 0.25408 4.08384 0.433888 14.2353 25.4917
1500 0.24912 4.07718 0.436064 14.2353 25.4949
1500 0.239648 3.91248 0.433344 14.2351 25.6242
1500 0.247424 3.90842 0.432832 14.2355 25.5732
1500 0.230336 3.93363 0.433248 14.236 25.6018
1500 0.213344 3.97248 0.434112 14.2318 25.7562
1500 0.232992 3.92861 0.432192 14.2303 25.6037
1500 0.211008 3.91184 0.432544 14.2452 25.5925
1500 0.21104 3.91514 0.434016 14.2384 25.5958
1500 0.254464 3.95411 0.434592 14.2403 25.8709
1500 0.213344 3.93498 0.435456 14.2437 25.8258
1500 0.211584 3.91347 0.435136 14.2345 25.5836
1500 0.21104 3.91309 0.43344 14.237 25.581
1500 0.23216 3.91184 0.43168 14.2387 25.7755
1500 0.214272 3.90403 0.43248 14.2432 25.5663
1500 0.216224 3.93661 0.434496 14.2417 25.9198
1500 0.216352 3.91968 0.432096 14.2403 25.5832
1500 0.213024 4.00714 0.433696 14.2371 25.6834
1500 0.214688 3.9487 0.43376 14.2352 25.598
1500 0.21008 3.93699 0.43312 14.2328 25.5456
1500 0.229408 3.95738 0.431584 14.2335 25.9286
1500 0.238368 3.91718 0.432864 14.2319 25.57
1500 0.213088 3.92205 0.431968 14.2443 25.7871
1500 0.210656 3.924 0.433856 14.2436 25.8151
1500 0.232192 3.91709 0.434592 14.2523 25.7814
1500 0.206624 3.97152 0.435616 14.2464 25.704
1500 0.220704 3.93869 0.433728 14.2324 25.9114
1500 0.235488 3.93309 0.43312 14.2367 25.9334
1500 0.22544 3.96134 0.435296 14.2287 25.8567
1500 0.209504 3.92522 0.43328 14.2411 25.6989
1500 0.236864 3.97181 0.433024 14.2332 25.9347
1500 0.21104 3.9232 0.43264 14.2357 25.5637
1500 0.479552 4.01219 0.448896 14.2438 25.4924
1500 0.261568 4.03542 0.430208 14.2358 25.4988
1500 0.233792 4.03648 0.431008 14.2365 25.4838
1500 0.244224 4.03555 0.430272 14.229 25.483
1500 0.23536 4.02566 0.430144 14.2348 25.5138
