time to init output matrix (once): 152.313
3500 0.272064 4.56867 0.97104 14.265 25.5076
3500 0.23744 3.92621 0.96 14.247 25.4988
3500 0.236704 3.92432 0.963232 14.2545 25.5007
3500 0.232192 3.91459 0.96304 14.2545 25.498
3500 0.23424 63.2525 0.965536 14.2558 25.4799
3500 0.23312 3.92963 0.964864 14.2645 25.4706
3500 0.23264 3.92426 0.963776 14.2647 25.6346
3500 0.235808 3.93226 0.965472 14.2585 25.4991
3500 0.237504 3.93366 0.966016 14.2488 25.5417
3500 0.234272 3.93139 0.966592 14.2537 25.5107
3500 0.248704 3.9305 0.963936 14.2525 25.6016
3500 0.23568 3.95507 0.965856 14.2642 25.499
3500 0.233792 3.9263 0.967488 14.2575 25.5144
3500 0.265632 4.13501 0.966336 14.2732 25.5138
3500 0.255424 4.06774 0.968352 14.2817 25.4898
3500 0.232896 3.94352 0.96736 14.268 25.4788
3500 0.23552 3.94851 0.965312 14.2667 25.473
3500 0.235136 3.9521 0.963936 14.264 25.4971
3500 0.231072 3.93341 0.96288 14.2518 25.4768
3500 0.230112 3.94406 0.963968 14.2498 25.4757
3500 0.2296 4.09622 0.965696 14.2695 25.4791
3500 0.26608 3.99302 0.966368 14.2647 25.4855
3500 0.23456 3.95142 0.96336 14.2603 25.4749
3500 0.252 4.13798 0.969696 14.267 25.4836
3500 0.257376 4.15923 0.96704 14.2605 25.4863
3500 0.233184 3.95219 0.96848 14.276 25.659
3500 0.232096 3.95613 0.97696 14.2773 25.4896
3500 0.246912 4.13053 0.968128 14.3037 25.4802
3500 0.22976 3.9953 0.964032 14.2655 26.2688
3500 0.22048 3.96099 0.961312 14.2624 25.6405
3500 0.25792 3.93587 0.968576 14.2545 25.8473
3500 0.332192 4.03792 0.971712 14.2736 25.5864
3500 0.224576 3.96621 0.960608 14.2765 26.1099
3500 0.237376 3.97888 0.961184 14.2769 26.2178
3500 0.215616 3.95197 0.960576 14.2776 25.6034
3500 0.236448 3.93923 0.962592 14.2555 26.1723
3500 0.242752 4.03248 0.965664 14.274 25.5008
3500 0.230592 3.9351 0.964352 14.2629 25.4791
3500 0.247936 4.04461 0.968864 14.2633 25.9884
3500 0.255104 4.08605 0.969504 14.2876 25.62
3500 0.23008 3.95072 0.966048 14.2803 25.4793
3500 0.232704 3.94211 0.967584 14.2737 25.5175
3500 0.247104 3.9895 0.966624 14.2691 25.4832
3500 0.232096 3.94419 0.964736 14.2589 25.6166
3500 0.272864 4.19942 0.97088 14.2664 25.4727
3500 0.237184 3.92845 0.965568 14.2795 25.593
3500 0.238592 3.93398 0.967808 14.2669 25.5846
3500 0.237856 3.92198 0.968032 14.2699 25.5992
3500 0.231296 3.94787 0.969216 14.2738 25.6524
3500 0.252512 3.92563 0.966592 14.2763 25.605
3500 0.251008 3.92205 0.968096 14.2729 25.5989
3500 0.24336 3.93651 0.968224 14.2796 25.584
3500 0.301184 3.93034 0.96704 14.2759 25.5829
3500 0.23632 3.93338 0.969728 14.2746 25.6039
3500 0.234912 3.93427 0.96752 14.2778 25.5729
3500 0.23248 3.94768 0.967872 14.2721 25.5963
3500 0.229568 3.92653 0.966912 14.2767 25.5723
3500 0.2384 3.93168 0.96864 14.2691 25.5964
3500 0.235872 3.94342 0.967168 14.2694 25.5851
3500 0.237984 3.93491 0.9672 14.2717 25.5855
3500 0.237504 3.92909 0.969472 14.2783 26.0157
3500 0.236928 3.92579 0.965856 14.2793 25.6288
3500 0.23568 3.91565 0.967168 14.2782 25.6142
3500 0.231424 3.97069 0.965632 14.2682 25.5931
3500 0.232032 3.9344 0.966976 14.2717 25.5737
3500 0.233472 3.93203 0.964736 14.2731 25.7651
3500 0.23088 3.93542 0.967136 14.2688 25.7044
3500 0.285568 3.95251 0.966496 14.2717 25.8107
3500 0.231872 3.93837 0.967264 14.2672 25.6256
3500 0.253216 3.9263 0.966368 14.2741 25.7778
3500 0.252576 3.9321 0.965312 14.2692 25.6541
3500 0.229824 3.94573 0.964576 14.2739 25.6787
3500 0.28816 3.96627 0.966496 14.267 25.7871
3500 0.236928 3.93674 0.963488 14.2606 25.8679
3500 0.234016 3.94419 0.968064 14.2767 26.0725
3500 0.232192 3.94592 0.967296 14.2727 25.7953
3500 0.232608 3.92256 0.982656 14.2706 26.0564
3500 0.236512 3.97818 0.966848 14.2644 25.8291
3500 0.231872 3.94157 0.964992 14.2628 25.6866
3500 0.228192 3.93683 0.965504 14.2696 25.7379
3500 0.245216 3.93005 0.965696 14.2683 25.7648
3500 0.227072 3.91485 0.96656 14.2615 25.8681
3500 0.233984 3.95862 0.964512 14.2742 25.6591
3500 0.231616 3.93478 0.966368 14.2732 25.6484
3500 0.227648 3.94368 0.96608 14.2706 25.7662
3500 0.229696 3.9408 0.965888 14.2732 25.6248
3500 0.227968 3.95088 0.964128 14.2729 25.8754
3500 0.257088 3.93933 0.96608 14.2677 25.8336
3500 0.23152 3.94886 0.966048 14.2728 25.8392
3500 0.230272 3.9192 0.966208 14.2668 25.5739
3500 0.22544 3.91536 0.965728 14.262 25.6089
3500 0.32448 4.02227 0.970112 14.2788 25.4807
3500 0.24352 4.068 0.964192 14.2727 25.4983
3500 0.249728 4.06317 0.963712 14.2764 25.5088
3500 0.247872 4.03914 0.969344 14.2782 25.5391
3500 0.249728 4.04752 0.963264 14.2957 25.4872
3500 0.23968 4.04413 0.964736 14.299 25.54
3500 0.247168 4.04342 0.965472 14.3036 25.4897
3500 0.233568 3.93482 0.965152 14.2878 25.8922
3500 0.224544 3.89658 0.964768 14.2876 25.6243
