time to init output matrix (once): 147.152
4500 0.272992 4.1992 1.23555 14.2638 25.4715
4500 0.267456 4.06182 1.22906 14.2866 25.6207
4500 0.327584 4.09184 1.23629 14.265 25.5821
4500 0.249216 3.98403 1.2281 14.2752 25.8236
4500 0.223136 3.91238 1.22666 14.2666 25.6262
4500 0.227872 3.91299 1.22541 14.259 25.6274
4500 0.278752 4.08112 1.2336 14.2653 25.6053
4500 0.272832 4.22147 1.23232 14.2632 25.6737
4500 0.234304 4.06701 1.228 14.2575 25.5862
4500 0.22768 3.96899 1.22435 14.2629 25.7989
4500 0.226784 4.04787 1.22621 14.2774 25.6182
4500 0.275232 4.02726 1.23299 14.2695 25.6095
4500 0.222752 3.90198 1.23034 14.2685 25.7028
4500 0.248448 3.90262 1.228 14.2676 25.9161
4500 0.233984 3.96147 1.22822 14.2788 26.1644
4500 0.279776 4.01805 1.23181 14.2829 26.1139
4500 0.26432 4.03866 1.23546 14.3124 25.5957
4500 0.242208 4.01382 1.2328 14.2688 26.0685
4500 0.26128 4.46214 1.23386 14.2928 25.5998
4500 0.296416 4.06685 1.23443 14.281 25.4822
4500 0.285152 4.01002 1.23651 14.2664 25.5943
4500 0.244032 3.93824 1.23165 14.2683 25.6455
4500 0.245152 3.95427 1.23302 14.2626 25.9062
4500 0.2688 3.94659 1.23302 14.2643 25.6297
4500 0.24448 3.94637 1.23434 14.2736 25.6113
4500 0.253824 3.92019 1.23091 14.2707 25.5913
4500 0.266368 3.9417 1.25178 14.2695 25.5995
4500 0.246208 3.92355 1.23142 14.3183 25.6195
4500 0.24816 3.9657 1.23427 14.2611 25.6238
4500 0.248352 3.93171 1.23162 14.2652 25.5999
4500 0.247424 3.96426 1.23098 14.2635 25.5815
4500 0.247776 3.93888 1.23242 14.276 25.5702
4500 0.249216 3.93488 1.23229 14.2749 25.7739
4500 0.26624 3.93443 1.23312 14.2689 25.6153
4500 0.251616 3.92538 1.23398 14.2726 25.615
4500 0.257152 3.95037 1.23309 14.2695 25.6621
4500 0.24624 3.91178 1.23306 14.2678 25.5818
4500 0.260864 3.9137 1.23267 14.2707 25.594
4500 0.243296 3.93818 1.23222 14.2667 25.5944
4500 0.243008 3.93366 1.2328 14.2714 25.5997
4500 0.254304 3.92374 1.23155 14.266 25.6063
4500 0.263264 3.94422 1.23296 14.2618 25.5695
4500 0.246752 3.93702 1.23184 14.2662 25.6042
4500 0.252992 3.9424 1.23171 14.2638 25.6154
4500 0.247136 3.93213 1.23126 14.2733 25.7404
4500 0.262208 3.91344 1.23053 14.261 25.6185
4500 0.246272 3.92138 1.22992 14.2698 25.6095
4500 0.2928 4.1889 1.23667 14.2789 25.4949
4500 0.237824 3.91632 1.23142 14.267 25.5759
4500 0.259584 4.06035 1.23114 14.277 26.1114
4500 0.263168 4.09062 1.23478 14.2795 25.5852
4500 0.244128 4.03654 1.22992 14.2764 25.6768
4500 0.234144 3.95766 1.22774 14.2714 25.9189
4500 0.22704 3.92947 1.22621 14.2707 25.62
4500 0.231328 3.95088 1.22554 14.2636 25.6219
4500 0.241824 3.98371 1.22691 14.2612 25.5857
4500 0.229312 3.9383 1.22534 14.2626 25.5698
4500 0.225632 3.94902 1.22531 14.2641 25.5884
4500 0.241728 3.93114 1.22413 14.2548 25.5683
4500 0.2352 4.00627 1.22918 14.2882 25.8687
4500 0.277088 4.16288 1.23238 14.2615 25.6647
4500 0.23424 3.93389 1.22653 14.2659 25.9046
4500 0.23728 3.93338 1.2335 14.269 25.9006
4500 0.231072 3.94557 1.22915 14.255 25.5994
4500 0.229888 3.94531 1.228 14.2692 25.7614
4500 0.237504 3.94691 1.228 14.2751 25.8561
4500 0.258752 4.06749 1.23088 14.2777 25.6128
4500 0.25952 3.93027 1.23117 14.2846 25.5832
4500 0.253376 3.92998 1.22784 14.2554 25.9553
4500 0.219296 4.16666 1.22845 14.2692 25.8535
4500 0.230112 3.93648 1.2295 14.2855 25.6003
4500 0.224448 3.99408 1.22803 14.2772 25.9845
4500 0.284416 3.99642 1.22736 14.2658 25.9103
4500 0.22912 3.9801 1.22749 14.2799 26.1832
4500 3.64352 9.40886 1.25309 14.2832 25.4947
4500 0.271648 3.99786 1.23606 14.2823 25.5916
4500 0.230176 3.90704 1.23094 14.2712 25.5912
4500 0.238976 3.95037 1.23392 14.2827 25.7063
4500 0.240864 3.98314 1.23462 14.2875 25.6066
4500 0.23664 3.92586 1.23517 14.2924 25.5644
4500 0.262304 3.91904 1.23597 14.2863 25.592
4500 0.260224 3.91581 1.23152 14.2777 25.8185
4500 0.241376 3.94029 1.23229 14.2744 25.593
4500 0.246752 3.93264 1.23424 14.2845 25.7638
4500 0.243424 3.9312 1.23517 14.2728 25.7787
4500 0.235584 3.94906 1.23213 14.2783 26.1142
4500 0.23696 3.93226 1.23149 14.2804 25.7686
4500 0.23648 3.95123 1.23174 14.2656 25.7084
4500 0.236992 3.92256 1.23254 14.26 25.9102
4500 0.267456 3.94323 1.23325 14.2729 25.8949
4500 0.259488 3.95037 1.23008 14.2723 25.934
4500 0.233376 3.91709 1.24224 14.2736 25.8993
4500 0.253248 3.92912 1.2329 14.274 25.5926
4500 0.286816 4.18074 1.23747 14.2803 25.4934
4500 0.250496 4.08067 1.23606 14.2881 25.5658
4500 0.22976 3.91584 1.22758 14.278 25.5745
4500 0.22624 3.93216 1.23104 14.2812 25.6894
4500 0.238176 3.94662 1.22867 14.2857 25.6244
4500 0.244 4.15037 1.23424 14.2764 25.6543
4500 0.26368 4.1263 1.23203 14.2782 26.0484
