time to init output matrix (once): 105.175
1000 0.161216 26.6683 5.49584 299.976 42.4746
1000 0.14288 25.7454 5.5007 299.923 42.5136
1000 0.14448 25.6457 5.48749 300.013 42.5622
1000 0.030144 27.2607 5.48685 300.755 42.5321
1000 0.145472 25.6442 5.48957 299.959 42.5757
1000 0.144384 26.5116 5.48813 300.001 42.5531
1000 0.153024 25.6384 5.48733 299.977 42.5066
1000 0.172768 25.714 5.49309 299.981 42.5194
1000 0.09488 27.2146 5.49994 299.968 42.5751
1000 2.63046 26.5748 5.4905 299.957 42.5276
1000 0.14592 25.7853 5.48614 300.023 44.1782
1000 0.029376 27.3009 5.4881 299.955 44.1544
1000 0.101568 26.6694 5.48944 299.955 45.0008
1000 0.029056 26.4044 5.49155 300.003 42.4711
1000 0.1456 25.7261 5.4881 300.008 42.4753
1000 0.083808 27.311 5.48838 299.961 42.5965
1000 0.186688 26.4614 5.48659 300.064 42.5155
1000 0.02944 25.8397 5.4889 300.002 42.5372
1000 0.030432 26.7229 5.48896 302.48 43.3484
1000 0.143296 25.6451 5.48602 300.009 42.5476
1000 0.144704 25.7172 5.48835 299.943 45.0016
1000 0.029408 28.3312 5.49005 300.788 42.5065
1000 0.143744 25.7524 5.48842 299.957 43.454
1000 0.145152 26.5336 5.48646 299.986 42.5957
1000 0.20128 25.6976 5.48624 300.013 42.5261
1000 0.14592 26.5524 5.48778 299.986 42.5086
1000 0.144576 25.6971 5.48922 299.951 42.5755
1000 0.167168 26.5738 5.48742 299.911 44.9567
1000 0.14672 25.6488 5.48819 300.021 42.5059
1000 0.14416 26.5569 5.49734 299.985 45.0588
1000 0.028544 25.4824 5.48806 299.977 42.4248
1000 0.20256 25.7476 5.48707 299.991 44.9392
1000 0.029472 26.7697 5.4897 302.448 43.3248
1000 0.143456 25.776 5.4872 299.963 45.0226
1000 0.122848 26.7295 5.49184 299.937 45.0137
1000 0.143008 25.8029 5.48653 299.953 45.0169
1000 0.11184 26.6608 5.48998 299.975 45.0296
1000 0.152192 25.7208 5.48566 299.964 45.1881
1000 0.029472 25.6457 5.48829 300.753 42.5315
1000 0.146656 25.719 5.4887 299.996 42.5535
1000 0.106464 26.6255 5.48656 300.045 42.4884
1000 0.145216 29.0082 5.48656 300.811 42.5481
1000 0.114144 26.539 5.49021 299.991 42.5397
1000 0.029952 26.7758 5.48643 302.451 43.3041
1000 0.974944 27.2718 5.48912 300.722 42.5237
1000 0.127808 26.609 5.49261 299.959 45.0726
1000 0.15392 25.7156 5.4881 299.898 44.9524
1000 0.029792 28.0268 5.48915 300.013 42.5286
1000 0.143456 25.7188 5.48589 299.933 45.0385
1000 0.028512 25.6606 5.48941 300.027 42.4969
1000 0.146048 25.8452 5.48403 299.974 44.9787
1000 0.115296 26.5658 5.49098 299.954 42.5043
1000 0.143968 26.4947 5.4863 299.996 42.5002
1000 0.168096 25.7821 5.48925 302.501 43.3335
1000 0.147904 26.5867 5.48704 302.419 43.321
1000 0.169568 28.3546 5.48915 300.762 42.5329
1000 0.11424 26.8356 5.4888 299.94 44.992
1000 0.151296 25.7732 5.4895 302.458 43.3206
1000 0.131296 24.9808 5.48893 299.97 42.5358
1000 0.145664 25.7296 5.48813 299.994 44.9706
1000 0.109472 26.6309 5.49066 299.97 42.4969
1000 0.14368 28.1977 5.48637 300.717 42.5496
1000 0.118144 26.5369 5.49027 299.961 42.4555
1000 0.126176 26.606 5.48899 299.971 45.0586
1000 0.14576 25.7862 5.48774 302.428 43.2843
1000 0.093184 24.5494 5.48442 300.748 42.5064
1000 0.14336 25.7257 5.4849 299.954 45.0296
1000 0.122816 26.6275 5.49418 299.983 45.0412
1000 0.198272 24.9036 5.48822 299.976 42.4768
1000 0.03024 27.0546 5.48822 300.742 42.4651
1000 0.186368 25.6415 5.48666 299.991 42.489
1000 0.143648 25.7119 5.48819 299.996 45.0688
1000 0.104704 26.6249 5.4873 299.979 45.0306
1000 0.151072 26.604 5.48816 299.932 45.0359
1000 0.144064 26.4583 5.5257 299.965 42.4618
1000 0.145088 25.6416 5.48586 299.978 42.4078
1000 0.02992 28.315 5.4896 300.793 42.5349
1000 0.143808 25.6498 5.4856 299.944 42.5003
1000 0.166432 26.5112 5.48662 299.934 45.0349
1000 0.094208 24.6906 5.48995 299.998 42.494
1000 0.144096 26.5598 5.488 299.956 44.9821
1000 0.029536 27.3696 5.48733 299.983 42.5936
1000 0.144352 25.821 5.48346 299.969 45.0457
1000 0.029312 26.73 5.48918 302.423 43.3143
1000 0.202656 25.6365 5.48646 302.448 43.3984
1000 0.14656 26.5077 5.48592 302.412 43.3668
1000 0.03504 27.2366 5.48992 300.743 42.5653
1000 0.134272 26.6348 5.49242 299.943 45.0907
1000 0.146208 25.7055 5.48672 299.926 45.0426
1000 0.144352 26.4586 5.48714 300.02 42.5249
1000 0.143712 25.8355 5.48736 299.971 45.0135
1000 0.11824 26.5414 5.49062 299.948 42.5
1000 0.144928 26.5847 5.48752 302.427 43.3659
1000 0.11568 26.5427 5.48848 300.007 42.5589
1000 0.172288 26.6101 5.48877 299.975 44.9388
1000 0.11904 26.5512 5.52947 299.962 42.5484
1000 0.14656 26.548 5.4897 299.988 42.4798
1000 0.144576 25.7301 5.48576 299.964 45.0048
1000 0.029056 25.6621 5.4903 299.984 45.013
1000 0.145792 25.7397 5.48602 299.997 45.055
