time to init output matrix (once): 104.475
500 0.146848 25.9031 2.76675 299.845 44.9947
500 0.144416 26.5926 2.75949 302.32 43.3673
500 0.142688 25.7724 2.75974 299.789 44.9558
500 0.139712 25.6434 2.76147 299.869 42.5052
500 0.142496 25.6373 2.75901 299.855 42.5352
500 0.148864 26.5824 2.76128 302.361 43.3425
500 0.026592 24.6958 2.76042 299.847 42.5849
500 0.140736 27.2638 2.76064 300.632 42.5628
500 0.123168 26.5448 2.76205 299.911 42.5393
500 0.158848 25.7772 2.76384 299.887 42.5121
500 0.117248 25.6578 2.7631 300.646 42.5186
500 0.120544 25.673 2.76355 300.632 42.5111
500 0.140576 25.7268 2.75917 299.846 45.0193
500 0.030752 25.6429 2.76317 299.862 42.515
500 0.143648 25.6423 2.76074 299.874 42.5843
500 0.141056 26.5284 2.75939 299.855 45.0041
500 0.025056 26.6227 2.76221 299.893 42.5454
500 0.178272 25.6991 2.75984 299.88 42.6004
500 0.032448 25.7672 2.7631 302.277 43.311
500 0.05152 24.6959 2.76054 299.904 42.5274
500 0.19648 25.8362 2.75974 299.862 45.0382
500 0.141216 25.7996 2.75981 302.424 43.2877
500 0.182976 26.6142 2.76022 299.861 45.0076
500 0.13936 25.7759 2.76054 299.866 45.0826
500 2.52381 26.7335 2.76186 299.822 44.984
500 0.140064 24.6541 2.76026 299.883 42.5378
500 0.025216 26.674 2.7625 299.807 45.1216
500 0.167744 25.7834 2.75984 299.894 42.5225
500 0.026368 25.868 2.76096 299.92 44.9449
500 0.113536 26.5628 2.76339 299.907 42.5093
500 0.026464 26.6576 2.76227 299.816 44.9969
500 0.138912 25.55 2.75942 302.253 43.3307
500 0.025664 25.5827 2.75731 299.836 44.9553
500 0.140192 25.7257 2.7591 299.711 44.1631
500 0.025312 25.776 2.76189 299.851 45.0389
500 0.140416 25.8301 2.75885 299.836 45.0202
500 0.14064 27.46 2.76038 302.402 43.3489
500 0.1856 25.6763 2.75866 299.894 42.4795
500 0.142432 26.5361 2.75994 299.813 44.9612
500 0.113536 26.5407 2.7639 299.862 42.5932
500 0.026176 24.5517 2.76029 299.877 44.9193
500 0.113408 26.5425 2.76106 299.837 42.532
500 0.142464 26.5878 2.76102 299.796 44.9636
500 0.140064 25.7201 2.76138 299.825 45.8032
500 0.145184 27.1939 2.75981 299.925 45.0625
500 0.141728 25.7568 2.76022 299.81 45.0242
500 0.155904 26.5733 2.76144 302.298 43.3292
500 0.196384 26.5708 2.75955 299.86 45.0139
500 0.141888 24.7238 2.76019 300.693 42.4805
500 0.145472 25.6947 2.76038 299.888 42.4886
500 0.14112 26.5498 2.76198 299.847 45.0045
500 0.104512 26.5632 2.76157 299.887 42.5211
500 0.139136 25.6346 2.75898 299.878 42.4995
500 0.139552 25.7179 2.7609 299.838 45.0221
500 0.217024 26.5587 2.76448 299.864 42.4811
500 0.139904 25.6372 2.7585 299.888 42.4992
500 0.139904 25.7215 2.75952 299.857 44.9696
500 0.110912 26.5349 2.76288 299.837 42.5287
500 0.13984 25.6358 2.7601 299.854 42.5783
500 0.139552 25.8498 2.76083 302.401 43.3067
500 0.026016 26.3625 2.75907 299.857 42.5124
500 0.139104 26.6084 2.75984 302.372 43.2978
500 0.036512 25.8458 2.76314 302.321 43.3399
500 0.02624 24.6897 2.75946 299.811 45.0273
500 0.139968 25.8325 2.75923 299.825 44.9955
500 0.139296 26.5452 2.76157 299.831 45.0177
500 0.139648 25.6754 2.76006 299.859 42.4623
500 2.52538 26.632 2.75862 299.86 45.0187
500 0.122656 26.545 2.76304 299.933 42.5048
500 0.14144 26.58 2.75846 302.306 43.3261
500 0.230432 25.6969 2.76067 299.895 42.4857
500 0.166208 25.7838 2.76339 299.903 42.4677
500 0.142272 25.6411 2.76157 299.879 42.4631
500 0.0264 26.7406 2.76157 299.858 45.0267
500 0.142944 25.6458 2.76106 299.84 42.5964
500 0.141984 26.4961 2.76166 299.926 42.5197
500 0.139616 25.6467 2.75875 299.85 42.5127
500 0.144512 25.6437 2.7616 302.297 43.3594
500 0.116512 26.5403 2.7631 299.944 42.5003
500 0.142528 25.6236 2.76096 302.365 43.3203
500 0.116608 26.5814 2.76262 299.842 42.5628
500 0.139872 26.5163 2.75923 302.356 43.3284
500 0.144864 25.7465 2.76026 299.844 44.9689
500 0.14128 26.5719 2.75974 302.282 43.3079
500 0.142176 25.826 2.76054 299.906 45.1009
500 0.02608 25.5533 2.76282 299.851 42.5914
500 0.110144 26.5536 2.76253 299.852 42.6492
500 0.140896 25.795 2.76 299.84 45.0117
500 0.158528 26.605 2.76406 299.875 42.5225
500 0.140864 25.6606 2.75878 299.866 42.5063
500 0.139616 25.7395 2.76093 299.745 45.0324
500 0.025184 26.3934 2.76128 299.89 42.4913
500 0.139584 25.8301 2.7584 299.83 45.0019
500 0.120576 26.5406 2.76448 299.788 42.5127
500 0.041312 25.5728 2.76086 299.857 44.9804
500 0.140352 25.7348 2.76189 299.865 44.9461
500 0.025536 26.6574 2.76221 299.892 45.0897
500 0.14288 25.6478 2.7592 299.82 42.4984
500 0.025344 27.6509 2.76227 299.87 45.02
500 0.0528 24.8855 2.76026 299.902 42.5347
