time to init output matrix (once): 104.936
100 0.402208 26.7867 0.594272 302.228 43.2275
100 0.13776 25.8973 0.569216 299.792 42.5566
100 0.139808 28.1707 0.567904 302.268 43.2961
100 0.140768 25.7904 0.567744 299.808 42.4318
100 0.142656 26.6133 0.56832 299.707 44.9758
100 0.150752 26.6251 0.568032 299.748 44.9589
100 0.149792 26.5699 0.567904 302.226 43.2697
100 0.140608 25.8322 0.568384 299.764 44.9678
100 0.154496 26.6819 0.568192 299.808 45.0373
100 0.13936 25.8664 0.567392 302.299 43.3463
100 0.144224 29.1868 0.568096 299.794 45.0577
100 0.13808 24.7138 0.566656 300.539 42.5086
100 0.278048 28.1863 0.579872 302.275 43.2816
100 0.144576 27.2976 0.567744 299.705 42.5681
100 0.136512 25.8099 0.56784 302.23 43.3484
100 0.140512 26.5832 0.567616 299.832 45.0884
100 0.096992 26.5955 0.567584 299.832 42.4735
100 0.10976 26.6703 0.569664 302.232 43.2537
100 0.11808 26.5731 0.570656 299.834 42.4872
100 0.142496 27.3596 0.567392 299.828 42.5464
100 0.1592 26.7207 0.568864 302.246 43.3226
100 0.140576 26.6252 0.567968 299.805 45.0408
100 0.118496 28.1615 0.569504 299.813 42.5089
100 0.157728 26.5682 0.569024 299.801 42.5414
100 0.139648 24.7143 0.567808 300.604 42.5835
100 0.15024 26.5996 0.567776 299.779 45.0136
100 0.141664 25.8151 0.5688 299.817 45.1028
100 0.140032 25.8351 0.567072 302.243 43.3323
100 0.141216 25.6835 0.568192 299.754 42.5732
100 0.140416 25.7995 0.567776 299.788 42.5363
100 0.138752 25.7705 0.567712 302.285 43.3061
100 0.142464 25.8211 0.568736 299.772 42.5014
100 0.138208 25.7969 0.567264 302.294 43.3544
100 0.165632 26.5781 0.569056 299.791 42.4738
100 0.13712 25.7915 0.56752 302.312 43.2088
100 0.023296 26.5728 0.581376 299.834 42.5844
100 0.147328 24.8843 0.568224 299.74 43.3964
100 0.141024 26.6481 0.567584 302.259 43.3044
100 0.16096 26.5861 0.57072 299.786 42.5191
100 0.141504 26.5721 0.567424 299.718 44.9803
100 0.16176 26.5696 0.570336 299.776 42.4829
100 0.14048 26.6015 0.569024 299.767 45.0748
100 0.16112 26.6014 0.568448 299.816 42.5611
100 0.164416 25.6379 0.570464 300.603 42.4917
100 0.112832 26.7069 0.570624 302.24 43.3203
100 0.028864 25.5441 0.569728 300.504 42.4989
100 0.15808 26.6904 0.570592 302.259 43.2543
100 0.152704 25.7892 0.56736 302.27 43.323
100 0.139488 25.7756 0.567936 299.797 42.5554
100 0.138368 25.6193 0.567264 302.265 43.3128
100 1.02928 24.6995 0.56848 299.816 42.5005
100 0.14 26.634 0.567232 299.766 45.0196
100 0.138496 25.6932 0.567936 299.799 42.4772
100 0.085504 26.6252 0.569344 299.759 44.9897
100 0.140032 25.6889 0.568736 299.813 42.5207
100 0.158528 25.6132 0.569696 300.63 42.4865
100 0.139424 25.7302 0.567776 299.722 44.9326
100 0.15632 26.7134 0.570176 302.215 43.3563
100 0.137952 26.5823 0.56752 299.783 45.0006
100 0.162464 25.6212 0.571136 299.765 42.5329
100 0.142336 27.2157 0.568224 300.56 42.5188
100 0.138592 25.6891 0.567264 299.853 42.5515
100 0.13904 25.8625 0.567584 299.822 42.5388
100 0.15712 24.7126 0.567392 300.588 42.5888
100 0.152032 26.7805 0.567776 299.84 45.0604
100 0.280288 26.6387 0.574944 299.833 42.4921
100 0.139328 25.7882 0.568256 302.215 43.2614
100 0.1424 27.6175 0.567584 299.808 42.4699
100 0.141568 26.5861 0.567712 302.268 43.3919
100 0.140032 25.7765 0.567072 302.265 43.4075
100 0.168032 26.7401 0.567776 302.286 43.342
100 0.13952 25.4998 0.568512 299.822 42.5532
100 0.274944 25.8493 0.567232 302.207 43.2854
100 0.200448 25.7912 0.56864 302.261 43.3422
100 0.112224 26.6938 0.570272 302.201 43.3299
100 0.174272 28.1839 0.569728 300.6 42.4911
100 0.139712 26.7439 0.567936 299.818 44.979
100 0.13904 27.3517 0.568064 300.568 42.6061
100 0.13712 26.5868 0.567904 302.236 43.3474
100 0.109248 26.7259 0.56992 302.232 43.2734
100 0.13968 26.5631 0.567712 302.206 43.2805
100 0.10336 29.1062 0.57024 300.557 42.5827
100 0.184512 25.5302 0.567936 300.643 42.5755
100 0.27904 26.707 0.574016 299.835 45.0186
100 0.168832 26.7047 0.570304 302.334 43.2859
100 0.106496 29.3238 0.5688 300.571 42.5872
100 0.14896 26.6008 0.567936 299.843 45.0041
100 0.154976 25.8001 0.568032 299.824 45.048
100 0.11776 26.6679 0.570848 302.209 43.2915
100 0.139584 25.7571 0.585984 299.742 42.4936
100 0.024928 26.5899 0.57088 299.799 42.5064
100 0.138368 25.6882 0.568096 299.797 42.4123
100 0.140672 26.6012 0.567552 299.761 45.006
100 0.140128 25.6874 0.5672 302.254 43.3156
100 0.140608 25.8104 0.568288 299.838 42.537
100 0.162688 26.5149 0.569632 299.799 42.4776
100 0.14176 26.574 0.568288 299.742 45.1336
100 0.177024 26.5663 0.569984 299.842 42.5301
100 0.17424 26.5822 0.568384 299.765 45.0469
100 0.140032 27.1474 0.568128 299.788 42.4365
