time to init output matrix (once): 105.784
2000 0.169344 25.8943 10.9561 300.156 45.1332
2000 0.038496 27.4671 10.9589 300.212 42.5067
2000 0.1832 25.849 10.9532 300.153 42.5044
2000 0.036384 26.6483 10.9513 300.138 42.528
2000 0.15184 25.771 10.953 300.131 45.0038
2000 0.15248 26.5364 10.9489 300.14 45.0428
2000 2.58794 26.608 10.9563 300.13 42.5694
2000 0.131616 25.6549 10.9561 300.113 42.5347
2000 0.15136 24.7728 10.9542 300.931 42.5922
2000 0.036768 26.7215 10.9523 300.159 44.9925
2000 0.099392 24.6528 10.9468 300.129 42.5937
2000 0.040704 26.5161 10.9532 300.148 42.5112
2000 0.148672 25.7726 10.9531 300.175 44.9839
2000 0.126656 25.6468 10.9565 300.196 42.4459
2000 0.1048 25.688 10.953 300.128 42.5551
2000 0.167104 26.5481 10.9571 300.21 42.468
2000 0.148384 25.7612 10.9541 300.112 45.103
2000 0.176192 24.6933 10.9532 300.111 45.0109
2000 0.149472 25.7647 10.9531 302.533 46.0407
2000 0.12928 26.5735 10.9556 300.191 45.0395
2000 0.151072 26.5739 10.9513 302.615 43.4029
2000 0.074656 26.567 10.9544 300.18 42.4877
2000 0.121984 26.5964 10.9537 302.609 43.2904
2000 0.152704 25.687 10.9536 300.089 42.523
2000 0.129344 26.5618 10.9527 300.189 42.6052
2000 0.131776 28.1994 10.9548 300.905 42.5964
2000 0.113312 27.3208 10.9515 300.172 42.5401
2000 0.036832 26.63 10.9568 300.181 42.555
2000 0.130432 26.637 10.9563 300.156 45.0226
2000 0.15264 26.5733 10.951 300.108 44.9995
2000 0.04688 26.6807 10.9525 300.112 45.0762
2000 0.15776 25.7826 10.9565 300.147 45.0198
2000 0.1064 24.6523 10.9549 300.198 42.5969
2000 0.170816 26.6813 10.953 302.539 43.3053
2000 0.136736 24.9337 10.951 300.206 42.5632
2000 0.036096 25.8031 10.9527 300.132 42.4876
2000 0.149472 25.8123 10.9528 302.577 43.3758
2000 0.098112 27.3071 10.9535 300.187 42.4672
2000 0.15072 28.0767 10.9514 300.969 44.2033
2000 0.158144 25.6423 10.9506 300.163 42.55
2000 0.104384 28.1774 10.9577 300.095 42.4977
2000 0.149856 25.5578 10.9539 300.111 42.4833
2000 0.129856 26.5633 10.9539 300.136 42.5288
2000 0.175776 28.2738 10.956 300.957 42.5226
2000 0.125056 26.5393 10.958 300.186 42.452
2000 0.151488 25.8028 10.9634 300.13 45.0064
2000 0.149152 25.8536 10.9545 300.15 45.0103
2000 0.14944 25.7357 10.9518 300.11 45.0695
2000 0.149664 25.7013 10.9524 300.155 42.5037
2000 0.207872 25.6484 10.9511 300.162 42.5081
2000 0.105152 27.1538 10.9561 300.167 42.5278
2000 0.12 25.8408 10.9549 302.64 43.2866
2000 0.150272 25.7984 10.9542 300.158 45.0603
2000 0.151232 26.6087 10.9556 300.154 44.9926
2000 0.158112 40.9664 10.9501 300.135 42.5352
2000 0.152128 25.8169 10.9553 300.049 40.822
2000 0.03584 25.815 10.9577 300.077 41.6881
2000 0.153536 25.7318 10.9559 300.078 41.6489
2000 0.257888 25.73 10.9561 300.16 41.706
2000 0.036128 25.8302 10.9558 300.122 41.6704
2000 0.112384 25.6692 10.9557 299.243 40.9084
2000 0.04128 25.5568 10.9592 300.897 41.6483
2000 0.100544 25.8373 10.9537 300.106 40.7618
2000 0.040384 25.3162 10.9579 299.247 41.8664
2000 0.11376 28.5755 10.9541 300.009 42.0088
2000 0.151776 25.8749 10.9548 302.634 43.3381
2000 0.149568 25.8079 10.9495 300.247 41.6995
2000 0.097056 24.6538 10.9557 300.129 42.5367
2000 0.150816 25.7529 10.9561 300.112 45.0104
2000 0.036384 25.7604 10.9576 300.139 42.5203
2000 0.181056 25.776 10.9546 302.604 42.611
2000 0.15024 24.9225 10.9537 300.163 42.5622
2000 0.098848 25.5375 10.95 300.12 45.0312
2000 0.149888 24.9258 10.9543 300.132 42.5307
2000 0.041376 24.7158 10.9522 300.28 42.4964
2000 0.19728 26.6623 10.9504 302.579 42.6018
2000 2.64784 25.8986 10.9594 300.124 42.5483
2000 0.149504 24.9298 10.9511 300.119 42.5243
2000 0.149472 24.8708 10.9554 300.2 42.5751
2000 0.151136 24.9326 10.9521 300.204 42.5426
2000 0.181312 25.7418 10.9511 300.221 42.3631
2000 0.036672 25.8331 10.9545 300.171 42.5694
2000 0.148512 24.958 10.954 300.195 42.5711
2000 0.14912 25.1055 10.9515 300.14 45.0553
2000 0.095008 25.8579 10.9567 300.185 42.4949
2000 0.254176 24.9411 10.9597 300.091 42.5134
2000 0.150912 24.9281 10.9515 300.118 45.0965
2000 0.159488 25.0002 10.9548 300.187 42.5229
2000 0.153824 25.8233 10.9535 300.079 45.0256
2000 0.129792 25.8639 10.9567 300.16 42.5797
2000 0.188832 25.7697 10.9539 300.062 44.9547
2000 0.137856 25.7726 10.959 302.591 42.6428
2000 0.128672 24.8652 10.9562 300.389 41.7029
2000 0.169824 26.4565 10.9555 300.158 42.4908
2000 0.14896 25.6422 10.9536 300.093 45.0739
2000 0.191648 25.7597 10.9517 300.095 45.0782
2000 0.150752 24.6976 10.9511 300.103 45.0777
2000 0.12528 26.5443 10.9579 300.171 42.5076
2000 0.150464 25.5933 10.9544 300.157 45.0176
2000 0.15248 26.5756 10.9526 300.146 45.0384
