time to init output matrix (once): 99.2408
3500 0.113376 27.4955 19.1331 300.345 42.6014
3500 0.116448 25.8374 19.1306 300.336 45.073
3500 0.11488 26.7383 19.1257 300.355 45.0429
3500 0.140864 26.5548 19.1235 300.337 42.6075
3500 0.15936 26.5743 19.1302 300.309 44.9589
3500 0.199136 26.5132 19.1226 300.323 42.4749
3500 0.120832 24.8343 19.1277 300.363 42.5073
3500 0.141504 25.6485 19.1305 301.183 42.5241
3500 0.159104 26.5511 19.1264 300.348 45.0517
3500 0.108096 28.2092 19.1216 300.366 45.0579
3500 0.116608 26.6073 19.1281 300.35 45.0235
3500 0.111968 26.5907 19.1273 300.372 42.5276
3500 0.1584 25.6735 19.1268 300.316 45.0229
3500 0.111744 26.6316 19.1275 300.33 44.9959
3500 0.172288 25.4727 19.1312 300.362 42.4991
3500 0.115104 26.6318 19.1296 300.346 42.5036
3500 0.133056 26.6612 19.1309 300.358 45.0221
3500 0.138336 25.639 19.1265 301.154 42.4938
3500 0.115072 28.3508 19.1292 301.079 42.5538
3500 0.112864 26.679 19.1234 302.831 43.3221
3500 0.136736 25.6193 19.1311 301.134 42.5399
3500 0.159872 25.7068 19.1269 300.316 45.0356
3500 0.119872 26.7092 19.1273 302.795 43.3191
3500 0.13888 25.6722 19.1239 300.284 45.0453
3500 0.156672 25.6413 19.1241 300.337 42.5503
3500 0.112128 26.6701 19.1266 300.329 45.0099
3500 0.045408 25.6892 19.1297 300.363 42.5062
3500 0.1376 26.6227 19.1282 302.83 43.2577
3500 0.158912 25.7543 19.1262 300.201 41.7471
3500 0.174048 25.7717 19.1289 300.326 41.67
3500 4.29027 26.9739 19.1372 300.381 43.4031
3500 0.20336 25.8372 19.1284 302.277 43.3275
3500 0.108736 25.6827 19.1663 300.311 42.4672
3500 0.164736 26.5811 19.1316 300.425 42.5417
3500 0.115936 26.6831 19.127 300.361 44.4956
3500 0.2072 26.8191 19.2227 300.314 44.476
3500 0.193312 25.909 19.1288 300.367 41.8027
3500 0.184704 26.5957 19.1304 300.349 42.536
3500 0.137504 26.6431 19.1286 300.376 45.0073
3500 0.157888 26.5495 19.1247 302.851 43.2675
3500 0.115712 26.6665 19.1278 300.286 45.0576
3500 0.117344 25.6953 19.1284 302.871 43.2932
3500 0.173952 26.7065 19.1276 302.813 43.3802
3500 0.156352 26.6258 19.1286 300.326 45.0532
3500 0.114336 26.6841 19.1248 302.783 43.2785
3500 0.045952 26.6267 19.1283 300.3 44.9941
3500 0.11648 26.5636 19.128 300.415 42.5509
3500 0.211456 26.5046 19.1274 302.776 43.2912
3500 0.136992 25.6453 19.1301 301.085 42.5483
3500 0.159072 26.5104 19.13 300.381 42.5734
3500 0.242144 26.6667 19.1321 302.818 43.2682
3500 0.15648 25.6888 19.1174 300.358 45.0046
3500 0.11536 27.9748 19.1279 300.409 42.5244
3500 0.107872 25.4862 19.1251 300.375 42.534
3500 0.141888 26.5612 19.1292 302.8 43.3315
3500 0.200416 26.8841 19.1289 300.319 45.0569
3500 0.10912 25.734 19.1287 300.388 42.5518
3500 0.138496 26.67 19.1285 302.795 43.309
3500 0.144608 25.622 19.1332 300.33 44.9889
3500 0.17824 26.4346 19.1228 300.317 45.0098
3500 0.137408 28.1732 19.177 301.111 42.5298
3500 0.15888 26.5533 19.126 300.305 44.9988
3500 0.145856 25.6515 19.1292 300.373 42.5597
3500 0.13968 26.6975 19.128 300.373 42.5024
3500 0.109728 25.7672 19.1244 300.327 42.4383
3500 0.21024 26.48 19.13 302.793 43.287
3500 0.117792 26.5937 19.1309 300.377 42.5228
3500 0.122144 26.5403 19.1313 302.865 43.285
3500 0.139904 26.6489 19.1274 302.805 43.3593
3500 0.159968 25.6899 19.1274 300.331 45.0171
3500 0.142176 25.6571 19.1276 301.162 42.568
3500 0.182656 26.5532 19.1317 300.294 42.5648
3500 0.157184 26.5171 19.1267 302.821 43.3252
3500 0.110048 26.6761 19.125 300.31 45.0209
3500 0.046848 25.718 19.1318 300.354 42.572
3500 0.153728 25.7353 19.1293 302.857 43.3381
3500 0.1512 26.661 19.1336 300.379 45.0663
3500 0.166752 26.5665 19.122 300.293 45.0652
3500 0.19568 25.5996 19.1319 301.167 42.577
3500 0.180608 25.6857 19.1231 300.325 45.0278
3500 0.182784 26.5421 19.1321 300.349 42.5363
3500 0.135584 25.6791 19.13 300.41 42.5493
3500 0.11056 26.6173 19.1249 300.317 44.9843
3500 0.143488 26.5164 19.1239 300.309 42.5381
3500 0.118496 25.7841 19.1245 300.349 42.5558
3500 0.130304 28.1624 19.1277 301.183 42.5241
3500 0.180608 28.13 19.1298 301.147 42.5316
3500 0.156384 25.6887 19.1283 300.336 44.9957
3500 0.109792 28.2143 19.1284 301.229 42.5524
3500 0.14624 25.6204 19.1261 301.178 42.5389
3500 0.157248 25.688 19.1288 300.335 45.0011
3500 0.111136 25.7644 19.1259 300.368 42.5582
3500 0.182688 26.7065 19.1249 302.825 43.3177
3500 0.155328 26.56 19.1216 300.332 45.1015
3500 0.163264 26.4844 19.1205 300.378 42.5935
3500 0.177376 26.7287 19.1272 302.815 43.2786
3500 0.154976 26.6473 19.125 300.331 45.0542
3500 0.114592 25.7688 19.1272 300.349 42.5472
3500 0.15648 26.5202 19.1192 302.799 43.3508
3500 0.154304 26.5808 19.1243 302.854 43.2872
