time to init output matrix (once): 106.628
5000 0.215776 26.033 27.3058 302.941 43.3482
5000 0.154464 25.7872 27.3003 300.54 42.6102
5000 0.168128 26.8595 27.2966 300.493 42.5981
5000 0.202688 26.7199 27.298 302.973 43.3513
5000 0.169248 26.4649 27.2924 300.594 42.5268
5000 0.204064 26.61 27.2987 300.494 45.0268
5000 0.178848 26.5781 27.2959 303.02 43.3297
5000 0.155552 26.4757 27.301 300.488 42.5463
5000 0.139712 26.714 27.3021 300.443 44.9669
5000 0.068704 26.6381 27.2948 300.473 45.1116
5000 0.198016 26.6121 27.3002 300.573 42.5973
5000 0.221088 26.5913 27.2948 300.501 45.008
5000 0.130336 26.7324 27.2989 303.034 43.3469
5000 0.133376 26.5996 27.2973 300.516 41.6994
5000 0.170336 25.669 27.301 300.512 42.5303
5000 0.204448 26.5927 27.2939 300.493 45.0129
5000 0.129248 26.7342 27.2988 302.997 43.3483
5000 0.13312 28.2345 27.2972 303.019 43.3109
5000 0.167328 26.8788 27.2938 300.528 42.5353
5000 0.15232 24.5474 27.2986 300.519 42.4763
5000 0.170496 25.6579 27.2993 300.461 42.4828
5000 0.19792 26.5358 27.3004 302.995 43.2877
5000 0.13024 26.0431 27.3003 303.01 43.3369
5000 0.170272 26.4702 27.2942 300.565 42.5671
5000 0.206048 26.6304 27.2989 300.567 45.1257
5000 0.116224 27.3166 27.2962 300.446 44.9585
5000 0.060352 28.1825 27.3007 301.291 42.5666
5000 0.06128 26.5783 27.306 302.986 43.3083
5000 0.130656 25.8479 27.3011 300.524 42.5793
5000 0.173568 25.5721 27.2996 300.533 45.0482
5000 0.20208 25.8261 27.2965 303.025 43.3692
5000 0.217984 26.6094 27.3037 300.556 44.9704
5000 0.163232 25.6356 27.3052 300.543 45.0125
5000 0.056672 26.7372 27.3021 303.02 43.3662
5000 0.167008 26.4673 27.2968 300.501 42.5016
5000 0.15312 25.7173 27.3103 300.542 42.5317
5000 0.201952 25.7507 27.301 300.543 42.5466
5000 0.196288 25.7081 27.2996 300.514 42.5266
5000 0.198464 26.6185 27.3038 300.514 45.0414
5000 0.153344 25.6334 27.2992 300.558 44.9616
5000 0.127456 26.5766 27.2991 300.53 42.4921
5000 0.12176 29.9172 27.2973 301.346 42.6393
5000 0.169728 26.4692 27.2995 300.557 42.4721
5000 0.174624 26.4571 27.3031 300.568 42.4117
5000 0.15744 26.6667 27.2997 300.543 45.0174
5000 0.132608 25.5303 27.298 300.564 42.5596
5000 0.153056 24.7484 27.2984 301.335 42.5345
5000 0.204192 26.5889 27.3037 300.576 42.5321
5000 0.056384 26.6891 27.2986 303 43.3726
5000 0.137728 26.6912 27.2982 302.991 43.3296
5000 0.056128 26.6857 27.2925 303.06 43.3599
5000 0.121024 24.6969 27.2972 300.548 42.5659
5000 0.127328 26.6552 27.3071 300.506 45.0181
5000 0.139104 25.678 27.3003 300.544 42.5056
5000 0.128 26.68 27.3012 300.567 45.0476
5000 0.168512 25.542 27.2966 301.317 42.5454
5000 0.128864 25.6976 27.2974 300.499 45.0264
5000 0.13456 26.6625 27.3032 302.962 43.3567
5000 0.119136 25.5364 27.2966 300.546 45.0331
5000 0.170144 26.5731 27.3012 300.515 42.5184
5000 0.148896 26.7081 27.2996 303.033 43.3398
5000 0.119264 28.4054 27.2977 302.996 43.3268
5000 0.186176 26.4801 27.3011 300.511 42.5747
5000 0.147552 26.4603 27.3052 300.517 42.5522
5000 0.180704 26.474 27.2988 300.472 42.5564
5000 0.379648 26.6401 27.3089 300.502 45.0803
5000 0.124 26.6055 27.2964 300.574 42.646
5000 0.1672 26.4625 27.2957 300.531 42.608
5000 0.127456 26.7828 27.3012 303.056 43.3732
5000 0.125632 26.7506 27.3059 300.506 42.5523
5000 0.164288 26.5205 27.2903 300.537 44.9936
5000 0.147712 26.6016 27.2995 300.472 42.5799
5000 0.196416 26.6411 27.3056 300.474 45.0023
5000 0.125152 26.6851 27.2992 300.505 45.0491
5000 0.15152 25.69 27.3012 300.579 42.5459
5000 0.196192 26.5994 27.2995 300.514 45.0419
5000 0.128704 25.6324 27.2983 300.545 45.0437
5000 0.126784 26.7252 27.3037 303.013 43.3079
5000 0.151392 25.7672 27.3039 300.543 45.0488
5000 0.192832 26.6572 27.3041 300.591 45.0455
5000 0.147776 26.6256 27.3065 300.54 45.0555
5000 0.128544 25.6369 27.293 300.53 45.0067
5000 0.164288 25.6897 27.295 300.495 45.0295
5000 0.124448 26.6764 27.2993 303.013 43.3474
5000 0.112032 25.5733 27.2974 300.518 45.0164
5000 0.164032 26.596 27.2965 300.538 45.0157
5000 0.144416 25.6725 27.3004 300.508 45.0087
5000 0.200704 26.5868 27.2995 300.532 45.0405
5000 0.161632 25.8811 27.2992 300.534 45.0631
5000 0.976128 26.6267 27.3035 302.968 43.3453
5000 0.148576 25.5987 27.2977 301.3 42.576
5000 0.164608 26.5782 27.3072 303.006 43.3315
5000 0.170784 26.5637 27.2992 300.528 45.0822
5000 0.197568 26.5984 27.3019 300.604 45.1293
5000 0.139872 26.8149 27.2995 303.034 43.3276
5000 0.11568 25.5302 27.2969 300.551 45.0255
5000 0.153056 25.7716 27.3022 303.002 43.3543
5000 0.063456 26.5844 27.309 302.98 43.3605
5000 0.138976 26.7336 27.2971 303.001 43.313
5000 0.166848 26.4649 27.3011 300.542 42.5446
