time to init output matrix (once): 101.95
2500 0.0424 26.8081 13.6833 300.259 45.1064
2500 0.135648 25.8051 13.6778 300.181 42.5265
2500 0.040448 28.3163 13.6813 301.02 42.5017
2500 0.155168 26.5878 13.6765 302.719 43.3128
2500 0.203936 26.5612 13.6846 300.186 42.4869
2500 0.133504 26.5672 13.6813 300.204 45.005
2500 0.132192 26.5936 13.6823 300.179 45.0494
2500 0.177344 24.7189 13.6787 301.003 42.4923
2500 0.15616 25.6426 13.6748 300.263 42.5789
2500 1.08778 25.8052 13.683 300.201 45.0074
2500 0.156896 26.5784 13.6773 300.148 45.1131
2500 0.12112 25.7266 13.6822 300.24 42.4987
2500 0.038624 25.7672 13.6821 300.274 45.0612
2500 0.156896 26.54 13.6826 300.242 45.0131
2500 1.03443 25.6922 13.679 300.213 41.6756
2500 1.05478 25.6452 13.6789 300.217 42.5924
2500 0.155776 25.6805 13.6787 300.226 42.5811
2500 0.115488 26.6868 13.6804 300.247 45.8671
2500 0.192608 25.7899 13.6812 300.116 45.0438
2500 0.108704 27.158 13.677 300.188 42.4786
2500 0.15488 28.1818 13.6792 301.01 42.5542
2500 0.153472 25.7356 13.6769 300.245 42.5219
2500 0.138464 26.5629 13.6828 300.228 42.53
2500 0.390784 26.6634 13.6797 300.2 45.0154
2500 0.104128 24.6561 13.6802 300.234 42.5362
2500 0.133664 26.5331 13.6869 300.211 42.5695
2500 0.135584 26.5443 13.6816 300.217 45.0372
2500 0.155616 25.6765 13.6812 300.247 42.5266
2500 0.107648 27.9744 13.678 300.199 42.5237
2500 0.153536 25.5716 13.6744 300.978 42.5113
2500 0.13312 26.5941 13.6811 300.223 42.5029
2500 0.135104 26.6462 13.6816 300.215 45.0355
2500 0.308 25.8196 13.677 300.233 42.5956
2500 0.154304 25.6676 13.6795 302.719 43.3655
2500 0.15664 25.6457 13.6779 300.249 42.5618
2500 0.162624 25.8103 13.6774 300.195 45.0395
2500 0.154752 26.5823 13.6786 300.176 45.0154
2500 0.13504 25.6853 13.6828 300.258 42.4991
2500 0.15424 24.8703 13.6804 300.184 42.548
2500 0.168352 25.6414 13.6778 300.237 42.4969
2500 0.310816 26.731 13.6818 300.204 45.0604
2500 0.154528 26.5304 13.6751 300.196 45.0208
2500 0.129184 26.5488 13.6807 300.202 42.5535
2500 0.152928 25.5393 13.6757 301.028 42.5556
2500 0.12976 26.5675 13.6814 300.251 42.5247
2500 0.155648 26.5913 13.677 300.22 45.014
2500 0.1408 25.6839 13.6792 300.227 42.548
2500 0.153984 25.7357 13.6785 300.203 45.1098
2500 0.190816 25.7145 13.6769 300.219 42.5409
2500 0.1072 28.3354 13.6833 302.666 43.3161
2500 0.153184 25.7695 13.678 300.193 45.066
2500 0.134976 25.7084 13.6796 300.213 42.5287
2500 0.18096 26.5523 13.6816 300.232 42.5109
2500 0.154848 25.6404 13.6771 300.202 45.0432
2500 0.189952 25.6811 13.6817 300.208 42.5404
2500 0.154336 25.8756 13.6756 302.687 43.3108
2500 0.155104 25.6797 13.6789 300.216 42.4831
2500 0.03888 26.5598 13.686 300.189 42.5367
2500 0.152704 26.6179 13.6799 300.21 45.0282
2500 0.12816 25.7889 13.6803 300.265 42.5408
2500 0.153888 26.549 13.6817 300.223 45.0164
2500 0.155072 26.8861 13.6799 300.233 42.4981
2500 0.127808 26.5834 13.6829 300.24 42.5511
2500 0.03856 26.6618 13.6812 300.233 45.0441
2500 0.13088 26.6453 13.6802 300.144 45.1395
2500 0.153216 25.7382 13.6737 300.09 45.0613
2500 0.103584 25.5871 13.6796 302.718 43.2964
2500 0.196416 24.8797 14.573 301.045 42.5368
2500 0.1576 25.6369 13.6738 300.274 42.4921
2500 0.261728 26.7373 13.6699 300.26 42.5617
2500 0.200512 25.6389 13.682 300.258 42.5474
2500 0.040352 26.573 13.685 300.199 42.5573
2500 0.18624 26.6511 13.6788 300.246 45.0804
2500 0.124512 25.8081 13.6805 300.239 42.4946
2500 0.102144 25.5449 13.6761 300.193 45.0367
2500 0.317088 25.6581 13.6809 300.202 45.0791
2500 0.15504 25.8057 13.6801 300.177 45.0364
2500 0.152736 24.8712 13.679 300.265 42.5553
2500 0.152256 25.7488 13.7293 302.666 43.3461
2500 0.154496 25.6608 13.677 300.237 42.5813
2500 0.183936 26.5902 13.6797 300.278 42.5319
2500 0.15472 26.511 13.6752 300.222 42.5333
2500 0.038848 26.5587 13.6848 300.212 42.5274
2500 0.233184 26.6869 13.6788 300.135 45.0549
2500 0.102944 25.6238 13.6791 302.74 43.2979
2500 0.133216 25.676 13.6814 300.257 42.5405
2500 0.18976 26.5297 13.6777 300.263 42.5304
2500 0.153632 24.7113 13.6765 301.009 42.4776
2500 0.101568 24.9073 13.6768 300.257 42.5154
2500 0.039104 26.6389 13.6853 300.277 45.0137
2500 0.153024 26.5629 13.683 300.156 45.0296
2500 0.180896 26.5922 13.6826 300.206 41.6971
2500 0.155008 26.6233 13.6757 302.706 43.3171
2500 0.167072 27.3631 13.6865 300.248 42.5438
2500 0.040736 26.5731 13.6817 300.186 42.6279
2500 0.183072 26.6079 13.6801 300.225 45.0641
2500 0.130656 25.8384 13.6796 300.238 42.5444
2500 0.154624 28.0428 13.6774 301.021 42.5112
2500 0.190304 26.5383 13.6786 302.713 43.2924
2500 0.135712 26.543 13.6788 300.209 42.4807
