time to init output matrix (once): 106.043
1500 0.154944 26.684 8.22954 300.163 45.0647
1500 0.09824 24.654 8.22451 300.101 42.5692
1500 0.12128 26.5441 8.22374 300.079 42.523
1500 0.144672 26.5733 8.22403 300.052 44.9831
1500 0.14944 26.4532 8.2208 300.17 42.5206
1500 0.147648 25.6362 8.22214 300.141 42.5077
1500 0.151584 25.5441 8.22346 300.077 44.9393
1500 0.149664 25.6382 8.22163 300.139 42.5556
1500 0.03792 28.1813 8.22285 300.892 42.5221
1500 0.147584 26.5619 8.22157 302.543 43.3845
1500 0.033216 26.566 8.22675 300.141 42.4973
1500 0.148192 26.5037 8.22 300.073 42.5607
1500 0.146144 25.7706 8.23117 302.515 43.286
1500 0.147904 25.6826 8.22298 300.046 42.5678
1500 0.145888 25.7245 8.22397 300.043 45.0398
1500 0.033504 25.8157 8.2223 300.066 42.5944
1500 0.127744 26.6741 8.22608 302.576 43.3164
1500 0.10384 26.5567 8.22192 300.037 42.4113
1500 0.150528 28.0912 8.22394 300.889 42.5479
1500 0.118848 26.5601 8.22371 300.104 42.5169
1500 0.150176 26.5353 8.22362 300.004 44.9483
1500 0.094848 24.6562 8.22266 302.538 43.3057
1500 0.134784 26.5429 8.22438 300.054 42.5581
1500 0.147904 26.5035 8.22272 300.125 42.5693
1500 0.12288 26.6126 8.22547 299.998 42.4575
1500 0.158784 25.6452 8.22694 300.062 42.552
1500 0.165024 25.8133 8.22509 302.547 43.282
1500 0.148704 25.6372 8.22365 300.036 42.5283
1500 0.033536 26.6423 8.22246 302.554 43.3012
1500 0.147968 25.6377 8.22403 300.054 42.5301
1500 0.03376 26.5994 8.22589 300.047 42.5017
1500 0.108896 27.1754 8.22525 299.966 42.5111
1500 0.146528 26.5759 8.2231 300.024 45.0501
1500 0.09536 25.6215 8.22042 302.518 43.3217
1500 0.19776 25.7305 8.21939 300.013 45.0529
1500 0.03408 28.1603 8.22355 300.851 42.5225
1500 0.146304 25.7493 8.22166 300.075 45.041
1500 0.15008 25.6703 8.22278 300.054 42.515
1500 0.146112 25.7503 8.22115 300.043 45.069
1500 0.100032 27.1614 8.22365 300.054 42.5136
1500 0.034432 25.6934 8.25651 300.85 42.5822
1500 0.148608 25.6462 8.22211 300.08 42.575
1500 0.033152 26.5803 8.22381 300.1 42.5261
1500 0.095744 24.7092 8.224 300.108 42.5031
1500 0.201312 26.5616 8.22125 300.071 45.8448
1500 0.03424 25.833 8.22256 300.097 45.0026
1500 0.153664 26.5209 8.21962 302.562 43.31
1500 0.097344 25.5579 8.22266 300.058 42.5075
1500 0.212512 25.7236 8.22115 300.05 45.0636
1500 0.033344 26.5726 8.22294 300.082 42.5224
1500 0.147424 25.7785 8.22237 300.066 45.056
1500 0.034432 26.0528 8.224 300.102 42.5039
1500 0.095872 25.5151 8.22397 300.068 42.5217
1500 0.147392 25.6468 8.22054 300.087 42.5005
1500 0.094848 25.5471 8.22138 300.024 45.0048
1500 0.161344 25.6421 8.2209 300.072 42.5375
1500 0.032832 26.5682 8.22429 300.097 42.5664
1500 0.147264 28.0364 8.2239 300.859 42.5827
1500 0.175072 26.5629 8.2265 300.038 42.5015
1500 0.174656 28.1149 8.22477 300.84 42.5616
1500 0.187296 25.6599 8.22336 300.056 42.5287
1500 0.147488 26.4998 8.22198 300.052 42.5754
1500 0.149248 25.9151 8.22438 300.034 45.0335
1500 0.134176 26.5453 8.22566 300.042 42.5263
1500 0.160224 25.7127 8.22211 300.948 42.5232
1500 0.142144 26.5389 8.228 300.058 42.5328
1500 0.14688 26.4608 8.22058 300.14 42.537
1500 0.149664 25.703 8.2215 300.135 42.5598
1500 0.123264 26.5867 8.2257 300.062 42.5093
1500 0.151168 26.4561 8.22285 300.063 42.4704
1500 0.0608 26.5657 8.22669 300.113 42.5457
1500 0.146656 26.5635 8.22019 300.032 44.9805
1500 0.032384 26.0087 8.2256 300.868 42.4675
1500 0.174496 25.73 8.22474 300.091 42.522
1500 0.146272 25.7756 8.22192 302.522 43.3844
1500 0.147008 25.6447 8.2239 300.083 42.5536
1500 0.03392 25.798 8.2271 300.023 42.4556
1500 0.148352 26.6239 8.2209 302.557 43.302
1500 0.102816 27.0511 8.2239 300.828 42.5713
1500 0.1496 26.631 8.22285 302.554 43.3083
1500 0.09472 24.6562 8.22381 300.063 42.563
1500 0.170656 26.6173 8.22525 300.047 44.9838
1500 0.147424 25.6465 8.22413 300.045 42.5096
1500 0.133152 26.714 8.22496 302.557 43.2521
1500 0.097312 24.652 8.22115 300.097 42.4627
1500 0.033344 26.7032 8.22531 300.031 44.9871
1500 0.14816 26.5857 8.22061 300.035 45.0661
1500 0.032096 26.6183 8.22768 300.133 42.5254
1500 0.03344 26.6237 8.22323 302.53 43.381
1500 0.094944 24.9695 8.2247 300.068 42.5685
1500 0.147008 25.6832 8.22272 300.066 42.5531
1500 0.130176 26.5598 8.22419 300.035 42.5553
1500 0.146784 25.6733 8.22176 300.068 42.5039
1500 0.101504 27.0522 8.22333 300.871 42.5724
1500 0.145248 25.6403 8.22291 300.1 42.5022
1500 0.033696 25.7943 8.22288 300.04 42.5827
1500 0.097248 24.6604 8.22378 300.138 42.541
1500 0.148096 26.9301 8.22237 300.008 45.0564
1500 0.102304 26.613 8.22285 300.039 45.024
1500 0.14816 25.7676 8.22189 300.026 45.7951
