time to init output matrix (once): 103.879
200 0.144192 26.5532 1.11997 299.791 42.5694
200 0.140096 24.7638 1.11142 300.551 42.5244
200 0.14288 26.5372 1.11558 299.671 45.0262
200 0.099584 26.545 1.11395 299.834 42.5394
200 0.137888 24.7639 1.11229 300.555 42.5281
200 0.161312 25.7567 1.12643 299.835 42.5206
200 0.180544 26.6095 1.11229 302.335 43.3879
200 0.13776 25.8414 1.11322 299.868 42.4887
200 0.13312 26.6025 1.11414 299.807 45.0366
200 0.138592 25.7576 1.11258 299.803 42.5815
200 0.10992 26.6067 1.1161 299.774 45.1209
200 0.141184 26.6455 1.1119 299.769 45.056
200 0.141408 26.4722 1.1121 299.793 42.522
200 0.174624 25.7566 1.11581 299.792 42.5482
200 0.166272 26.6962 1.11709 299.783 45.0092
200 0.14304 26.6348 1.11347 299.828 45.0274
200 0.141664 26.6977 1.1137 302.265 43.316
200 0.15872 25.7872 1.11552 299.769 43.35
200 0.162848 26.5259 1.11818 299.832 42.5186
200 0.149696 26.5756 1.11232 302.293 43.2751
200 0.142112 25.7314 1.1136 299.818 45.0555
200 0.141472 26.7591 1.11382 299.855 45.152
200 0.14272 26.4363 1.11354 299.815 45.1209
200 0.107648 26.5456 1.11581 299.831 42.5277
200 0.14096 26.6683 1.11331 299.823 45.0273
200 0.097376 26.547 1.11389 299.767 42.5523
200 0.163872 25.5876 1.11552 299.842 42.61
200 0.139328 25.6358 1.11376 299.782 42.5853
200 0.030912 26.4886 1.1167 299.834 42.5481
200 0.110944 26.5648 1.11526 299.852 42.4856
200 0.162688 25.5857 1.11578 299.851 42.5619
200 0.139456 25.637 1.1129 299.781 42.5213
200 0.02448 25.4699 1.112 299.743 42.6045
200 0.141568 28.48 1.11245 300.565 42.5333
200 0.023744 25.5214 1.11402 299.799 45.0967
200 0.112672 26.6476 1.11494 299.815 42.5447
200 0.138912 26.5746 1.11322 302.312 43.3413
200 0.14096 27.3306 1.11283 300.63 42.5993
200 0.118368 26.5609 1.11706 299.776 45.0863
200 0.146624 29.2867 1.11306 299.861 45.0683
200 0.138336 26.4881 1.11254 299.821 42.5638
200 0.137024 25.6845 1.1127 299.802 42.4746
200 0.028704 26.4496 1.11728 299.822 42.5585
200 0.141696 26.6843 1.112 299.849 45.0915
200 0.948416 25.858 1.11638 302.243 43.3485
200 0.170272 25.8018 1.11779 299.854 42.5289
200 0.15616 26.6034 1.11344 299.74 45.0653
200 0.196352 25.6463 1.11373 299.769 42.5622
200 0.19424 26.5062 1.11296 302.263 45.7511
200 0.139552 26.6012 1.11254 299.82 45.8473
200 0.137792 24.7581 1.11248 300.542 42.5277
200 0.024704 25.6031 1.11267 299.764 45.0535
200 0.10944 26.5317 1.1161 299.703 45.0118
200 0.139712 25.635 1.11197 299.756 42.4791
200 0.14096 26.7243 1.1153 302.253 43.3241
200 0.024896 25.5982 1.11197 299.772 45.0191
200 0.163744 26.5434 1.11414 299.782 42.558
200 0.137696 25.6376 1.11296 299.83 42.5519
200 0.123584 26.5396 1.11562 299.809 45.0434
200 0.140832 26.705 1.11475 299.802 45.0428
200 0.138368 26.4608 1.1129 299.824 42.4888
200 0.138496 25.6412 1.1136 299.868 42.4881
200 0.0288 26.4507 1.11552 299.826 42.5521
200 0.146848 25.7417 1.11402 299.805 42.5757
200 0.158144 26.5247 1.11565 299.758 45.0347
200 0.138048 26.5711 1.11264 302.305 43.2712
200 0.024384 25.5806 1.11427 302.272 43.3014
200 0.122048 26.5285 1.11587 299.807 42.5281
200 0.138464 25.6888 1.11267 299.773 42.546
200 0.13952 26.7085 1.11283 302.278 43.2632
200 0.169152 25.8091 1.11274 299.836 42.6027
200 0.159904 25.7832 1.11661 299.85 42.5993
200 0.138752 24.7561 1.11235 300.613 41.6008
200 0.023968 28.2247 1.11235 299.819 45.0586
200 0.105952 26.5315 1.11565 299.791 42.532
200 0.137888 25.6403 1.11293 299.773 42.5278
200 0.148832 26.9332 1.11373 299.762 45.0639
200 0.112448 26.5566 1.11683 299.768 42.532
200 0.137568 25.6364 1.11395 299.852 42.5738
200 0.137376 26.6749 1.1129 299.811 45.0418
200 0.142592 25.7896 1.11462 299.827 41.6785
200 0.139456 26.5692 1.11309 302.287 43.3458
200 0.142112 28.0358 1.11376 300.596 42.521
200 0.146624 24.9009 1.11338 299.823 42.5457
200 0.125088 26.5385 1.11709 299.839 42.5212
200 0.144736 26.4992 1.11504 299.782 45.0464
200 0.138656 26.6427 1.11293 302.296 43.3578
200 0.200064 28.1922 1.11286 300.643 42.5161
200 0.024096 25.754 1.1169 299.864 42.5039
200 0.163488 26.5919 1.1167 299.827 42.5277
200 0.140736 26.6291 1.11283 299.775 45.0342
200 0.140896 26.6492 1.11338 299.786 44.9925
200 0.024096 25.7387 1.11741 299.817 42.5495
200 0.023904 25.6701 1.11309 299.804 42.5353
200 0.140256 26.6261 1.11386 299.811 45.0998
200 0.160544 26.5535 1.1161 299.795 42.5617
200 0.194304 25.6342 1.1135 299.821 42.5705
200 0.142912 26.5451 1.11344 299.781 44.9902
200 0.024256 25.6728 1.11338 299.723 44.1636
200 0.13984 26.4888 1.11226 299.806 42.524
