time to init output matrix (once): 102.365
4500 0.36256 26.7666 24.5917 300.445 41.6481
4500 0.148192 28.2073 24.5829 300.48 42.5068
4500 0.200928 26.453 24.5848 300.457 42.5532
4500 2.35456 26.2806 24.5668 300.515 41.7172
4500 0.221152 26.6196 24.5723 302.914 43.3145
4500 0.113952 25.5991 24.5751 300.435 45.0606
4500 0.167808 26.5895 24.5772 300.457 45.0007
4500 0.052448 25.6836 24.5762 300.427 45.0261
4500 0.14624 25.7736 24.5888 300.462 45.0513
4500 0.110816 25.5298 24.5796 300.463 45.0447
4500 0.150016 25.6699 24.5827 300.473 42.4955
4500 0.153888 25.8194 24.5776 302.883 43.407
4500 0.126912 28.1303 24.5779 300.497 42.55
4500 0.12624 26.8051 24.5788 302.968 43.3622
4500 0.125056 26.63 24.5807 300.48 42.5257
4500 0.124896 25.8987 24.5749 300.503 42.4636
4500 0.14928 26.5239 24.5751 300.469 42.5158
4500 0.154912 26.5331 24.5797 300.455 45.0243
4500 0.220352 25.5483 24.5711 300.406 45.0392
4500 0.123936 26.6324 24.5774 300.457 45.1538
4500 0.123904 27.0522 24.5774 300.467 45.0179
4500 0.123936 24.6677 24.5835 300.418 45.0827
4500 0.164416 25.6815 24.5749 300.438 42.6338
4500 0.1632 26.6155 24.5741 302.948 43.3421
4500 0.12272 26.6704 24.5764 300.459 44.9492
4500 0.162656 26.5908 24.5734 300.419 42.4967
4500 0.165728 25.8087 24.5797 301.288 42.5222
4500 0.204352 26.4674 24.5762 300.448 42.5492
4500 0.164064 26.5528 24.5722 300.44 45.0239
4500 0.125024 26.5811 24.5796 300.455 42.5211
4500 0.164448 26.5068 24.5754 302.955 43.3544
4500 0.156288 25.6472 24.5809 300.434 42.5594
4500 0.119712 25.7946 24.578 300.409 42.5275
4500 0.137728 25.6708 24.5758 300.413 42.5283
4500 0.146752 25.7649 24.5794 302.921 43.3415
4500 0.124608 26.7674 24.5819 302.901 43.3169
4500 0.128736 25.5947 24.5746 302.972 43.349
4500 0.121888 26.613 24.5768 300.453 42.5397
4500 0.052096 25.6926 24.5743 300.459 42.5055
4500 0.132352 29.2166 24.579 302.945 43.3764
4500 0.17856 25.7013 24.5746 300.463 44.9989
4500 0.125536 26.6864 24.5786 300.49 45.8099
4500 0.16688 26.5234 24.5727 300.501 45.0405
4500 0.1488 25.8484 24.5805 302.915 45.7865
4500 0.19232 26.4705 24.5794 300.444 42.6106
4500 0.124384 26.3895 24.5794 300.427 42.5513
4500 0.195424 26.5411 24.5737 300.396 45.0287
4500 0.052896 26.7139 24.5804 302.988 43.3345
4500 0.1248 26.754 24.5828 300.476 45.8485
4500 0.11552 24.694 24.5764 300.515 44.993
4500 0.131776 28.0495 24.5802 302.896 43.3555
4500 0.201216 25.7502 24.5784 300.51 42.5394
4500 0.167168 26.5868 24.5728 300.418 45.023
4500 0.052288 26.6749 24.5755 300.439 45.0268
4500 0.144672 26.6135 24.5825 300.508 42.5006
4500 0.200896 26.702 24.5782 302.924 43.3379
4500 0.164256 26.5762 24.5739 302.912 43.3399
4500 0.177984 25.4797 24.574 300.525 42.5399
4500 0.120576 25.6618 24.5772 300.54 42.5065
4500 0.182272 25.5444 24.581 301.231 42.5477
4500 0.163552 26.5972 24.5781 302.934 43.3508
4500 0.163136 26.5773 24.5763 300.428 45.0076
4500 0.052288 26.7186 24.5735 302.891 43.3061
4500 0.1272 25.8376 24.5756 300.495 42.4874
4500 0.130624 25.6306 24.5772 301.244 42.5583
4500 0.123296 26.7694 24.5774 302.903 43.389
4500 0.186016 25.5408 24.5768 300.49 42.5139
4500 0.123168 26.6218 24.579 300.446 42.5359
4500 0.188576 26.6947 24.5828 302.944 43.3107
4500 0.16112 26.5836 24.5813 302.935 43.3246
4500 0.048992 26.4567 24.5796 300.425 42.4983
4500 0.048992 25.6919 24.5763 300.394 45.0119
4500 0.203456 28.2444 24.5793 301.183 42.5084
4500 0.162752 26.5947 24.5772 302.911 43.3285
4500 0.05024 26.8673 24.5884 302.911 43.3156
4500 0.144224 26.731 24.5773 302.995 43.2668
4500 0.210688 26.5211 24.5797 300.499 44.9848
4500 0.050048 26.5442 24.5805 300.466 42.464
4500 0.04976 26.5668 24.5791 300.525 42.5116
4500 0.155008 25.7588 24.5755 300.427 42.5662
4500 0.118432 26.7344 24.5791 302.939 43.3882
4500 0.142528 25.8497 24.5736 302.901 43.33
4500 0.110208 25.5441 24.5767 300.441 45.0316
4500 0.177504 25.8306 24.5788 300.48 42.52
4500 0.162304 25.5385 24.5767 301.229 42.532
4500 0.167584 26.537 24.5817 300.507 42.5117
4500 0.126176 26.5812 24.5743 300.426 42.5124
4500 0.124832 29.1445 24.5772 300.399 45.0036
4500 0.146816 25.764 24.5842 300.455 42.5396
4500 0.168224 25.4831 24.5731 301.227 42.6184
4500 0.161568 26.5824 24.5704 302.934 43.3128
4500 0.121248 27.9811 24.5751 300.449 42.4938
4500 0.129952 24.9179 24.5772 300.501 42.5524
4500 0.162976 26.4734 24.5781 300.513 42.4295
4500 0.064256 26.6125 24.5794 302.948 43.3408
4500 0.110336 25.4747 24.5765 300.497 42.5171
4500 0.176512 26.7253 24.577 300.372 44.9715
4500 0.189184 26.6487 24.5784 300.458 42.4831
4500 0.144256 26.6212 24.5792 302.928 43.3453
4500 0.168288 26.7221 24.5828 300.412 44.9812
