time to init output matrix (once): 100.386
4000 0.253248 35.2002 21.8701 300.416 42.473
4000 0.16208 25.7508 21.8578 302.901 43.3394
4000 0.126624 26.695 21.8594 300.328 45.0272
4000 0.126816 25.8502 21.8571 300.395 42.5073
4000 0.16272 28.2013 21.8553 301.162 42.5906
4000 0.146432 26.5849 21.859 300.376 42.6063
4000 0.189344 25.6145 21.8594 301.159 42.6058
4000 0.144512 26.3879 21.8594 302.899 43.3528
4000 0.163904 25.6971 21.853 300.349 45.0147
4000 0.134304 26.7027 21.8586 300.352 45.0593
4000 0.19152 26.6716 21.8696 300.426 44.9842
4000 0.140704 25.7606 21.8606 302.891 43.4258
4000 0.12368 25.6301 21.8533 300.417 45.0631
4000 0.19728 26.4812 22.7552 300.323 42.5132
4000 0.148288 26.7291 21.8644 302.866 43.3169
4000 0.145376 25.7654 21.8639 302.852 43.288
4000 0.140448 26.5875 21.8593 300.356 45.0212
4000 0.196224 26.5404 21.8585 300.418 42.5316
4000 0.141376 26.6285 21.8604 300.368 42.5588
4000 0.115552 26.5791 21.8656 302.859 43.3527
4000 0.153344 26.7041 21.8618 302.926 43.3222
4000 0.048512 26.6727 21.852 300.358 45.0109
4000 0.371712 25.6908 21.8613 300.348 45.0685
4000 0.196128 26.5353 21.8616 300.35 42.5536
4000 0.054656 26.5672 21.8582 302.92 43.3179
4000 0.050272 26.715 21.8587 302.887 43.3068
4000 0.115136 28.1959 21.8551 300.396 42.5241
4000 0.050144 24.9177 21.8641 300.363 45.8431
4000 0.211904 25.6014 21.8584 301.205 42.5222
4000 0.18768 25.745 21.8623 302.886 43.3065
4000 0.173024 26.5998 21.8626 300.437 42.5655
4000 0.12272 26.586 21.859 300.451 41.6619
4000 0.196224 28.112 21.8571 301.21 42.552
4000 0.118656 29.0348 21.8548 302.879 43.3432
4000 0.162176 26.5817 21.8507 300.402 45.0193
4000 0.127776 26.6155 21.8548 300.41 44.9821
4000 0.189056 26.5462 21.8543 300.447 42.4915
4000 0.193632 26.5524 21.8582 300.333 42.5625
4000 0.121088 28.1475 21.8587 300.342 45.0964
4000 0.189024 26.6829 21.8592 300.371 44.9933
4000 0.168128 26.5715 21.8534 300.369 45.0726
4000 0.16256 25.5409 21.8529 300.378 42.5219
4000 0.162592 26.8184 21.8567 300.391 45.0448
4000 0.162048 26.5648 21.8538 300.355 45.0908
4000 0.163328 25.6878 21.8568 300.368 45.018
4000 0.18736 26.5822 21.8696 300.445 45.034
4000 0.148704 26.562 21.858 300.376 42.4892
4000 0.192512 26.668 21.8597 302.85 43.297
4000 0.166208 25.5818 21.8714 300.376 42.5402
4000 0.188448 26.7069 21.8599 302.876 43.3344
4000 0.108512 25.5696 21.8621 300.4 45.0073
4000 0.049088 25.5716 21.8617 300.373 45.0211
4000 0.207648 26.6658 21.859 302.914 43.3184
4000 0.163008 25.6776 21.859 302.904 43.2685
4000 1.03171 26.5173 21.86 300.364 45.8022
4000 0.120192 25.8298 21.8613 302.886 43.3411
4000 0.139744 25.8066 21.8565 302.838 43.3398
4000 0.109984 28.0842 21.8572 300.426 45.0116
4000 0.157152 25.673 21.8574 300.383 42.5511
4000 0.141088 25.7198 21.8649 300.366 45.0282
4000 0.112928 28.1122 21.8548 300.376 45.0735
4000 0.0496 25.7559 21.8572 300.405 42.5221
4000 0.1096 25.6076 21.8585 302.898 43.303
4000 0.112 25.5327 21.8568 300.314 45.0838
4000 0.118048 26.5587 21.8512 300.38 45.0862
4000 0.189024 25.6134 21.8606 301.157 42.5329
4000 0.161056 25.6842 21.8593 300.381 45.096
4000 0.115872 26.6718 21.8614 300.364 44.9747
4000 0.120128 26.6571 21.8572 300.397 45.0767
4000 0.194912 26.6665 21.8582 302.865 43.3149
4000 0.197088 25.5452 21.8601 300.359 45.0488
4000 0.161856 28.0555 21.8587 301.22 42.5569
4000 0.198656 25.5827 21.863 302.914 43.3318
4000 0.162368 25.6674 21.8595 302.844 43.3465
4000 0.048544 26.5572 21.8625 300.39 46.6067
4000 0.052992 25.7916 21.8619 302.931 43.355
4000 0.186048 26.6471 21.8556 302.93 43.3495
4000 0.157184 25.6823 21.8611 300.369 45.0113
4000 0.188448 26.6211 21.8599 300.4 45.0616
4000 0.156 26.4796 21.8603 300.371 42.6399
4000 0.159744 25.6975 21.8548 300.345 45.0094
4000 0.171264 25.7928 21.8642 300.358 42.5206
4000 1.15587 25.5532 21.8575 301.211 42.487
4000 0.13808 25.8532 21.8588 302.85 43.3198
4000 0.175776 26.4689 21.8551 300.351 42.5039
4000 0.121984 26.6635 21.8566 300.427 45.061
4000 0.046624 25.6932 21.8594 300.367 42.6013
4000 0.141856 26.7327 21.8614 302.839 43.3316
4000 0.157472 26.503 21.8582 300.395 42.532
4000 0.114464 26.6172 21.8545 300.415 42.4981
4000 0.1456 25.8753 21.86 302.821 43.3229
4000 0.19168 26.6535 21.8611 302.876 43.3545
4000 0.121664 26.5812 21.8579 300.329 42.523
4000 0.046816 26.6714 21.8577 300.449 42.5455
4000 0.175584 26.5568 21.8673 300.403 42.6348
4000 0.051712 28.1715 21.8574 301.183 42.5547
4000 0.14128 25.858 21.8608 302.868 43.306
4000 0.214976 26.4632 21.8573 300.394 42.5684
4000 0.144736 28.0365 21.8547 300.35 45.1146
4000 0.125504 27.6016 21.858 302.882 43.2827
