time to init output matrix (once): 108.171
3000 0.164576 24.968 16.4159 300.309 42.5799
3000 0.044608 26.5105 16.4093 300.287 42.6094
3000 0.114976 26.5988 16.4086 300.281 42.5509
3000 0.157152 24.8061 16.4076 300.258 45.1484
3000 0.16352 25.8655 16.4049 302.801 46.0229
3000 0.137152 25.7032 16.4119 301.073 42.6106
3000 0.155712 25.8106 16.4071 300.24 45.0745
3000 0.15584 25.6445 16.4026 300.312 42.5872
3000 0.13088 24.7232 16.4148 301.097 42.5384
3000 0.15504 26.6123 16.4081 300.266 42.5722
3000 0.157024 26.5329 16.4087 300.391 45.0681
3000 0.042432 28.4091 16.4103 301.074 42.5143
3000 0.047104 25.7187 16.4116 301.08 42.5081
3000 0.167264 25.7769 16.4054 302.769 43.314
3000 0.1536 25.7661 16.4103 300.374 45.074
3000 0.162272 26.6578 16.4086 300.299 45.0287
3000 0.10928 25.6305 16.4099 302.758 43.3479
3000 0.137856 26.5403 16.4124 300.331 42.4964
3000 0.102976 25.6002 16.4091 300.275 45.0148
3000 0.11776 25.5357 16.4096 300.271 44.9933
3000 0.14336 25.668 16.4096 300.278 42.5894
3000 0.134176 26.5398 16.4116 300.26 44.995
3000 0.133568 25.7334 16.4141 300.277 45.0386
3000 0.153088 24.7233 16.4096 301.128 42.5552
3000 0.111616 26.6984 16.4109 300.288 45.0511
3000 0.137056 25.7701 16.4267 300.325 45.0562
3000 0.156928 25.6944 16.4058 300.279 42.507
3000 0.130464 25.7467 16.4137 300.248 42.5406
3000 0.159072 25.6812 16.4079 301.041 42.5754
3000 0.212896 26.5789 16.4107 300.299 45.0299
3000 0.156928 24.7126 16.4055 301.085 41.7472
3000 0.157568 26.6329 16.4359 300.257 45.7927
3000 0.103584 28.2779 16.4044 300.3 45.0019
3000 0.044064 25.7219 16.4123 300.297 42.5041
3000 0.041856 26.6663 16.4131 300.252 45.009
3000 0.103072 25.4701 16.4053 300.319 42.556
3000 0.141472 25.6816 16.4139 300.3 42.5244
3000 0.213248 25.5547 16.4092 300.291 45.0016
3000 2.53597 26.6572 16.4128 300.295 45.0185
3000 0.131616 25.7618 16.4083 300.253 42.5019
3000 0.15408 25.7658 16.4076 300.277 45.0491
3000 0.156896 26.4618 16.4062 300.357 42.559
3000 0.129024 26.7228 16.4094 300.262 44.9797
3000 0.154528 25.5564 16.4107 301.056 42.6168
3000 0.11104 26.6815 16.407 300.307 45.0042
3000 0.126656 25.7208 16.4096 300.235 42.5576
3000 0.153696 24.8622 16.4065 300.263 45.028
3000 0.154016 25.639 16.4092 300.313 42.5741
3000 0.132864 26.634 16.4097 300.298 44.9889
3000 0.153984 25.7572 16.4035 300.225 45.0232
3000 0.1216 25.8579 16.4088 300.322 42.5355
3000 0.155328 25.6462 16.4032 300.362 42.4941
3000 0.136096 25.6196 16.4119 300.336 42.5411
3000 0.163648 27.3577 16.4089 301.095 42.5645
3000 0.155424 26.6186 16.4117 300.249 44.997
3000 0.156352 26.4561 16.4076 300.306 42.5898
3000 0.12832 25.7503 16.4149 300.259 42.5451
3000 0.118848 26.6337 16.4115 300.314 42.4175
3000 0.154528 26.4684 16.4072 300.32 42.5695
3000 0.133632 26.69 16.4157 300.317 42.5857
3000 0.047616 25.7465 16.4075 300.225 45.0783
3000 0.156416 26.608 16.4097 302.769 43.2779
3000 0.155296 25.7468 16.4122 300.269 42.4922
3000 0.111168 25.8002 16.4109 300.24 45.0664
3000 0.155328 26.4869 16.4063 300.302 42.4578
3000 0.1448 26.4735 16.4117 300.3 42.4941
3000 0.15472 26.5352 16.4046 300.273 44.9761
3000 0.14304 26.5354 16.4119 300.291 44.9896
3000 0.154688 25.6417 16.4088 300.322 42.581
3000 0.162848 26.5935 16.4104 300.231 45.0116
3000 0.069696 26.6388 16.4098 300.237 42.5316
3000 0.17344 25.7343 16.4072 300.249 44.9984
3000 0.15376 25.7656 16.4062 300.242 45.0588
3000 0.128352 25.7335 16.4096 300.317 41.6455
3000 0.141504 25.6501 16.4137 300.246 42.5333
3000 0.153952 26.5939 16.4065 300.274 45.1152
3000 0.112192 25.7732 16.4081 300.316 42.5365
3000 0.16176 24.9226 16.4049 300.347 44.1752
3000 0.156352 26.5421 16.4052 300.275 45.0271
3000 0.130848 25.5453 16.412 300.298 42.53
3000 0.112608 26.5835 16.411 300.254 42.5229
3000 0.154752 25.6736 16.407 300.294 42.5508
3000 0.130528 25.6745 16.4499 300.343 42.5358
3000 0.110144 26.5701 16.4082 300.305 42.5011
3000 0.144768 26.5871 16.4122 300.273 42.5484
3000 0.16064 26.4582 16.4094 300.344 42.5063
3000 0.145216 26.572 16.4094 300.256 45.039
3000 0.10496 25.6261 16.4074 302.74 43.3477
3000 0.195008 25.641 16.4122 301.061 42.5411
3000 0.156928 28.0388 16.4097 301.08 42.4914
3000 0.108928 26.6635 16.4104 300.202 45.0387
3000 0.133888 26.5573 16.4146 300.36 42.5235
3000 0.11584 26.4352 16.4138 302.79 43.3648
3000 0.155424 25.4756 16.4088 300.304 42.5638
3000 0.142176 25.4786 16.4111 300.23 42.5639
3000 0.058144 26.4728 16.4106 300.266 41.5817
3000 0.185088 26.7972 16.4083 302.744 43.37
3000 0.101408 25.6892 16.4057 300.368 42.5073
3000 0.138432 25.7624 16.4132 302.697 43.3688
3000 0.135744 26.5548 16.4147 300.313 45.0378
