time to init output matrix (once): 105.463
400 0.033152 26.6708 2.22198 302.353 43.3459
400 0.024576 26.6967 2.21286 302.274 43.3378
400 0.136736 25.6558 2.20806 299.855 42.5656
400 0.026016 25.4645 2.20944 299.879 42.5406
400 0.136736 24.8746 2.20877 299.805 42.5107
400 0.139488 26.5498 2.20861 299.853 44.9599
400 0.110592 26.822 2.20989 302.333 43.2994
400 0.138048 26.9544 2.20838 299.843 44.9807
400 0.136928 25.7457 2.21325 299.849 44.9436
400 0.114496 26.6259 2.212 302.311 43.2936
400 2.60134 26.668 2.2105 299.815 42.5322
400 0.024832 25.4678 2.2079 299.848 42.531
400 0.136704 26.4619 2.20874 299.823 42.5063
400 0.197088 26.5744 2.21306 299.851 45.0285
400 0.135392 24.8739 2.20838 299.896 42.5101
400 0.16848 25.6704 2.21043 300.672 42.5603
400 0.146464 26.6273 2.21402 299.782 45.0176
400 2.57277 26.6544 2.21021 299.803 45.0296
400 0.1376 25.6746 2.20819 299.891 42.539
400 0.128384 26.5334 2.21248 299.856 42.608
400 0.1392 25.7612 2.20922 299.832 45.0141
400 0.13696 26.7978 2.20998 299.839 44.9565
400 0.137088 26.4609 2.2073 299.863 42.4268
400 0.02592 28.1784 2.20899 299.83 42.5245
400 0.145856 25.7508 2.2073 299.787 45.026
400 0.136608 25.7907 2.20842 299.853 45.008
400 2.5801 26.6192 2.2097 299.858 42.5046
400 2.56691 27.4371 2.21072 299.863 42.5202
400 0.137824 24.8611 2.20736 299.817 42.546
400 0.137888 26.5347 2.20621 299.86 45.0631
400 0.0248 26.6497 2.21194 299.821 44.9901
400 1.0048 28.1808 2.21069 299.876 42.5102
400 0.137184 26.4552 2.20666 299.861 42.5828
400 0.136768 25.7542 2.20874 299.88 45.0334
400 0.135104 25.71 2.20899 299.854 45.0639
400 0.024 25.6574 2.20915 299.889 42.5237
400 0.183136 27.97 2.2136 299.864 42.6346
400 2.63136 25.6745 2.20842 300.777 42.4892
400 0.158528 26.6281 2.19917 299.915 42.5847
400 0.025312 25.4663 2.20861 299.89 42.5899
400 0.109888 26.7325 2.21046 302.295 45.7513
400 2.65347 25.8412 2.20861 299.851 42.5174
400 0.135968 25.8515 2.212 299.805 45.0325
400 2.64496 26.6411 2.21027 299.826 42.6026
400 0.137376 25.7143 2.20912 299.878 42.4889
400 0.136704 25.7762 2.20838 299.781 45.0585
400 0.1408 26.6745 4.71405 299.954 42.6554
400 0.138592 24.8605 2.20835 299.932 42.4624
400 0.159296 26.5964 2.20928 299.927 45.0457
400 0.025088 25.4681 2.20864 299.839 42.5382
400 0.138208 26.5393 2.20832 299.874 45.0015
400 0.172576 24.8562 2.20883 299.825 42.4972
400 0.112256 26.6712 2.21107 302.314 43.3359
400 0.17312 25.7507 2.2089 299.9 42.483
400 0.178016 28.2698 2.21245 300.735 42.528
400 2.64902 26.6157 2.2112 299.872 42.5849
400 0.187104 26.6203 2.21277 299.905 42.565
400 0.112288 26.7132 2.21197 302.314 43.3891
400 0.110688 26.7205 2.20963 302.285 43.4344
400 0.13632 24.8755 2.20653 299.862 42.564
400 0.162112 26.6715 2.21014 302.362 43.3637
400 0.139584 26.4958 2.20701 299.878 42.562
400 0.273568 26.6136 2.21232 299.851 44.1392
400 0.102208 28.1424 2.20925 300.623 42.5276
400 0.137344 26.4596 2.20886 299.854 45.064
400 0.138368 24.8232 2.20755 299.894 42.5209
400 0.158048 26.6776 2.21498 302.339 43.3091
400 0.138112 26.462 2.2087 299.845 42.4734
400 0.026208 26.5548 2.21382 299.865 42.5265
400 0.131584 26.5333 2.21325 302.305 43.3454
400 0.165792 25.4376 2.20707 302.305 43.3668
400 0.135776 25.5424 2.208 299.896 42.5571
400 0.100448 25.6443 2.21091 300.661 42.5192
400 0.136128 24.854 2.20781 299.816 42.5379
400 0.137216 26.5123 2.20858 299.846 44.999
400 0.12432 26.6185 2.212 299.786 44.9941
400 0.156576 25.617 2.20989 300.636 42.495
400 0.026144 25.4669 2.20896 299.861 42.5381
400 2.59242 26.5773 2.20954 299.828 42.486
400 0.136288 24.8248 2.20922 299.865 42.509
400 0.135296 26.5122 2.20883 299.835 44.9961
400 0.16208 25.7314 2.21005 302.28 43.2519
400 0.113728 26.6929 2.21322 302.364 43.3179
400 0.026688 25.4665 2.20845 299.877 42.4924
400 0.138208 26.4593 2.20861 299.804 44.1556
400 0.136768 25.6392 2.20806 299.891 42.4964
400 1.00358 25.7562 2.2121 302.353 43.2277
400 0.14992 25.7211 2.20877 299.855 45.0053
400 2.55834 26.5988 2.20947 299.882 42.4986
400 2.58906 26.5961 2.20893 299.844 42.51
400 0.025632 25.5957 2.20858 299.786 45.7951
400 0.136384 25.6897 2.20797 299.877 42.5249
400 0.111456 26.5404 2.21165 299.85 42.5511
400 0.135648 24.8814 2.20902 299.902 42.5883
400 0.14512 28.3092 2.2096 299.87 42.4798
400 0.108224 26.5395 2.21146 302.292 43.2524
400 0.201696 25.9689 2.20902 302.365 43.3573
400 0.136128 25.6844 2.20918 299.854 42.5058
400 0.970752 28.1751 2.21043 299.836 42.536
400 0.156736 24.9428 2.21229 299.086 40.9241
