time to init output matrix (once): 105.849
300 0.146496 25.5885 1.6657 300.597 42.6442
300 0.13856 24.8279 1.65792 299.851 42.6395
300 0.13936 26.6013 1.65782 299.842 42.6478
300 0.192288 25.7272 1.66195 299.841 42.556
300 0.1368 26.4663 1.65754 299.822 42.5439
300 0.110784 26.6652 1.66006 299.824 44.9782
300 0.16128 26.8148 1.66381 299.833 45.0268
300 0.139744 26.5385 1.65725 299.819 42.517
300 0.11072 26.5432 1.65997 299.805 44.9957
300 0.141024 26.7999 1.65699 302.345 43.3181
300 0.160096 26.6927 1.65843 299.849 45.0941
300 0.14288 28.0977 1.6647 302.257 43.3447
300 0.162464 26.6843 1.66016 299.783 44.9904
300 0.142688 28.1283 1.66486 302.299 43.3428
300 0.160704 26.671 1.65888 299.853 45.013
300 0.025248 28.3166 1.65718 302.285 43.2534
300 0.136896 25.5283 1.65699 299.812 45.0196
300 0.137024 26.6812 1.65773 299.782 45.81
300 0.140192 25.6484 1.6576 299.81 42.5277
300 0.109024 26.5125 1.65952 299.806 45.0132
300 0.025536 25.4816 1.65821 299.839 42.5053
300 0.159072 25.7164 1.66083 299.771 42.5345
300 2.64122 26.5863 1.65866 299.908 42.5716
300 0.191776 24.8358 1.65578 299.818 42.4784
300 0.109696 28.1476 1.65974 300.651 42.5708
300 0.136896 25.7232 1.65722 299.848 42.4163
300 0.02976 26.5283 1.66266 299.844 45.0322
300 0.140224 26.4582 1.65728 299.875 42.5356
300 0.139584 25.5436 1.65763 299.797 42.4717
300 0.137472 26.6796 1.65808 299.768 45.774
300 0.13808 26.5747 1.65728 299.797 42.5602
300 0.123808 26.6472 1.66704 299.853 45.0113
300 0.139296 28.1663 1.65894 300.644 42.4929
300 0.110048 26.554 1.6591 299.79 45.059
300 0.158272 28.1603 1.65843 300.593 42.5218
300 0.11056 26.5634 1.65936 299.798 45.0124
300 0.139008 28.2023 1.67357 300.599 42.4833
300 0.158368 25.7344 1.65952 299.871 42.5535
300 0.168544 26.6157 1.65802 299.815 45.0189
300 0.14128 24.909 1.65843 299.795 42.5677
300 0.135552 25.7209 1.65763 299.855 45.0187
300 0.137792 25.468 1.65818 299.835 42.536
300 0.139168 25.4635 1.65741 299.809 42.5311
300 0.136288 26.4562 1.65808 299.841 41.6732
300 0.13616 26.5825 1.65757 302.324 43.357
300 0.02528 28.2008 1.65818 302.34 43.2356
300 0.832032 28.2918 1.65869 302.264 43.3004
300 0.137376 25.7133 1.65642 299.855 42.489
300 0.14352 26.4808 1.65786 299.86 42.5407
300 0.138624 25.6821 1.65747 299.777 42.5425
300 0.13632 26.5062 1.65712 299.846 42.5158
300 0.138048 25.5426 1.6961 300.578 42.5261
300 0.1616 26.7281 1.6615 302.305 43.3698
300 0.159872 25.7457 1.66038 299.874 42.416
300 0.15792 26.7202 1.65872 302.318 43.351
300 0.137536 24.822 1.6575 299.791 42.4929
300 0.158528 26.6413 1.65955 299.829 45.0144
300 0.13728 25.638 1.65613 299.808 42.5238
300 0.166336 26.6174 1.6583 299.824 45.0366
300 0.1376 24.859 1.6583 299.833 42.5169
300 0.199488 25.6828 1.65766 299.787 45.0812
300 0.13808 25.7089 1.65808 299.867 42.4842
300 0.138304 26.5123 1.65683 299.795 45.0292
300 0.138528 26.455 1.65642 299.839 42.5671
300 0.171968 26.6267 1.65968 299.823 45.1015
300 0.139296 24.8648 1.65715 299.818 42.5083
300 0.136544 25.6583 1.6575 299.794 45.0624
300 0.138912 25.68 1.6584 299.835 42.5477
300 0.139136 25.4668 1.65731 299.809 45.0152
300 0.138496 24.8677 1.65725 299.852 42.5444
300 0.187264 26.512 1.65984 302.301 43.2911
300 0.1112 26.654 1.65872 299.88 45.078
300 0.025504 25.473 1.65773 299.769 42.5949
300 0.139552 25.538 1.65907 300.666 42.6364
300 0.029568 26.569 1.66115 299.814 45.8785
300 0.138464 24.8702 1.6569 299.864 42.4633
300 0.14944 26.6026 1.65725 299.82 42.5497
300 0.119104 26.6848 1.66022 299.863 45.0853
300 0.110272 26.5715 1.65808 299.828 45.0515
300 0.191968 25.7193 1.65578 299.894 42.5194
300 0.139872 28.4569 1.65757 300.625 42.561
300 0.137568 24.8397 1.65584 299.812 42.5721
300 0.138816 26.4589 1.65629 299.846 42.5512
300 0.164 25.7441 1.65914 299.832 42.5792
300 0.136704 25.6762 1.6561 299.8 42.566
300 0.106528 27.594 1.66035 299.804 45.015
300 0.163264 26.6645 1.66035 299.865 45.0522
300 0.139168 26.4706 1.65693 299.88 42.5654
300 0.025824 25.462 1.65782 299.843 42.4988
300 0.177376 24.8987 1.65654 299.815 42.5823
300 0.030368 26.5762 1.65834 299.882 45.0476
300 0.108032 26.6729 1.66109 299.798 45.0672
300 0.025184 25.6518 1.6591 302.274 43.3384
300 0.169792 25.6872 1.65725 299.81 42.5675
300 0.15824 26.5124 1.65894 299.855 45.1334
300 0.108864 26.6054 1.65917 299.803 45.0503
300 0.025472 28.211 1.65795 299.845 42.5002
300 0.138656 28.0423 1.65712 300.651 42.542
300 0.177152 26.5626 1.65792 299.776 45.0755
300 0.13856 24.6915 1.65626 299.811 42.5622
