4500 0.168256 25.053 24.5748 298.24 222.824
4500 0.161824 25.078 24.5681 298.267 77.6384
4500 0.159424 25.0342 24.5684 298.2 78.8197
4500 0.159392 25.0555 24.568 298.221 78.678
4500 0.158688 24.9421 24.5706 298.235 77.6807
4500 0.159552 24.998 24.5664 298.246 75.9506
4500 0.15936 25.0167 24.565 298.247 77.795
4500 0.15968 24.9767 24.5678 298.288 77.5617
4500 0.159136 25.0104 24.5701 298.23 77.9373
4500 0.159456 25.0186 24.5651 298.233 78.3705
4500 0.159872 25.0275 24.5675 298.258 75.7499
4500 0.159296 24.9815 24.5699 298.248 77.4511
4500 0.168544 25.0071 24.5691 298.236 77.4478
4500 0.158848 25.0192 24.5665 298.253 76.3909
4500 0.17072 25.0146 24.5693 298.288 78.3795
4500 0.158688 24.9383 24.5678 298.217 75.8118
4500 0.159072 25.0065 24.5698 298.263 77.4961
4500 0.15888 25.0368 24.5684 298.204 78.9789
4500 0.159136 25.0748 24.5716 298.25 77.613
4500 0.159104 25.0716 24.5719 298.27 77.6665
4500 0.15904 25.0224 24.5647 298.283 77.6068
4500 0.160224 24.9761 24.5724 298.247 77.4053
4500 0.159872 25.0197 24.562 298.248 77.6774
4500 0.159488 25.0193 24.5785 298.241 75.9479
4500 0.160256 24.9791 24.5693 298.231 77.4224
4500 0.159552 25.0141 24.5676 298.235 77.6259
4500 0.158752 25.0547 24.5697 298.23 77.4012
4500 0.165824 24.9572 24.5668 298.246 77.7118
4500 0.15952 24.9868 24.5682 298.255 76.4893
4500 0.158848 25.0134 24.5626 298.251 77.555
4500 0.159552 25.0048 24.5646 298.22 77.1731
4500 0.158176 24.9816 24.5681 298.208 75.9306
4500 0.159808 24.9756 24.5709 298.261 77.4903
4500 0.159744 25.0208 24.5666 298.237 78.9506
4500 0.158816 24.9766 24.5674 298.274 77.6051
4500 0.157984 24.9823 24.5698 298.215 78.2372
4500 0.159328 25.0395 24.5702 298.233 75.9217
4500 0.15904 24.976 24.5722 298.217 77.9323
4500 0.159488 24.9402 24.5612 298.246 78.5439
4500 0.15888 24.9782 24.5698 298.263 78.2328
4500 0.159712 24.9787 24.5676 298.238 77.6207
4500 0.159744 25.0752 24.5684 298.209 77.3828
4500 0.173376 25.0208 24.5644 298.248 77.5542
4500 0.158464 25.0149 24.5686 298.263 77.3257
4500 0.159424 24.9929 24.571 298.218 76.888
4500 0.16 25.0151 24.5656 298.259 77.5047
4500 0.15968 25.0143 24.5732 298.262 77.3928
4500 0.161152 25.0356 24.5708 298.206 77.958
4500 0.15872 25.0165 24.5668 298.248 78.0336
4500 0.158688 24.9384 24.5718 298.226 77.683
4500 0.21856 25.0657 24.5674 298.227 78.0535
4500 0.157312 25.0209 24.571 298.209 78.2067
4500 0.226784 25.0745 24.5686 298.268 77.9739
4500 0.156992 24.9808 24.5705 298.253 76.6077
4500 0.1584 24.9781 24.5694 298.234 77.9187
4500 0.157664 25.0542 24.57 298.254 78.2769
4500 0.157376 24.9785 24.5657 298.254 77.8208
4500 0.156448 25.0348 24.5644 298.21 77.656
4500 0.1576 24.9825 24.5671 298.233 77.8212
4500 0.217632 25.067 24.5685 298.206 78.0447
4500 0.156512 24.9796 24.5688 298.254 77.8564
4500 0.180928 24.9877 24.5713 298.21 77.7234
4500 0.218048 25.0443 24.5662 298.191 77.8057
4500 0.1584 25.0134 24.5676 298.264 77.7386
4500 0.156352 25.0241 24.5743 298.235 77.991
4500 0.157312 24.9772 24.5685 298.22 77.9841
4500 0.157152 24.9904 24.5663 298.202 78.6855
4500 0.157024 24.9544 24.5715 298.285 77.9288
4500 0.157344 24.9766 24.5707 298.217 78.0104
4500 0.159008 24.9787 24.5704 298.241 77.7433
4500 0.215936 25.0832 24.5678 298.222 77.8428
4500 0.157952 24.9814 24.568 298.236 78.5076
4500 0.15792 25.0746 24.5672 298.221 79.2062
4500 0.157568 25.0173 24.6314 298.246 78.8716
4500 0.156384 24.9816 24.5708 298.2 78.5985
4500 0.158592 25.1008 24.5695 298.238 78.6696
4500 0.158848 24.9807 24.5719 298.201 78.9731
4500 0.157728 24.9816 24.5645 298.228 77.069
4500 0.159968 25.077 24.5685 298.252 77.6404
4500 0.157824 24.98 24.5715 298.205 77.9883
4500 0.156992 25.0169 24.5703 298.277 77.9433
4500 0.15664 25.0419 24.5663 298.254 78.0506
4500 0.157728 25.0232 24.5697 298.271 77.9027
4500 0.157824 24.9785 24.5664 298.219 77.9706
4500 0.167584 24.9935 24.5659 298.159 77.686
4500 0.196544 25.1179 24.5673 298.211 77.9077
4500 0.160352 24.9796 24.5668 298.206 77.8619
4500 0.157024 24.9814 24.5669 298.255 77.8816
4500 0.15904 24.9946 24.5643 298.305 77.9087
4500 0.157728 25.004 24.5641 298.252 78.0163
4500 0.156416 24.9756 24.5666 298.198 77.9268
4500 0.15744 24.9816 24.5676 298.203 77.7526
4500 0.156576 24.9801 24.5636 298.221 77.9816
4500 0.15744 25.0172 24.5643 298.282 77.9684
4500 0.16608 25.0334 24.5642 298.2 78.7611
4500 0.157632 25.0048 24.5684 298.217 78.725
4500 0.218208 24.9835 24.5669 298.226 78.9429
4500 0.156608 25.0044 24.5675 298.255 78.0632
4500 0.157856 25.019 24.5682 298.255 78.7694
4500 0.157984 25.0409 24.5668 298.227 78.8494
