500 0.136928 25.0668 2.7607 297.66 195.905
500 0.1376 24.9755 2.7569 297.701 77.6729
500 0.135616 25.0271 2.75619 297.683 77.6843
500 0.136864 25.0246 2.75741 297.66 78.7761
500 0.134528 25.0043 2.75789 297.651 78.1142
500 0.135584 25.0408 2.75645 297.644 77.7076
500 0.134752 25.11 2.75773 297.655 78.3633
500 0.135392 24.9719 2.75728 297.675 77.1818
500 0.134944 25.0108 2.75712 297.665 77.2518
500 0.136064 25.0244 2.75571 297.631 77.7547
500 0.14352 24.9707 2.75827 297.624 78.6813
500 0.137728 25.0406 2.7551 297.676 77.3815
500 0.133728 25.058 2.75696 297.663 76.9764
500 0.136448 25.0589 2.75846 297.655 77.3125
500 0.135008 25.0799 2.75674 297.679 78.1741
500 0.13632 25.0103 2.75699 297.644 77.197
500 0.136192 24.9454 2.75645 297.632 77.6278
500 0.135264 25.0423 2.75715 297.665 78.0945
500 0.1344 24.97 2.75734 297.607 77.5859
500 0.134752 25.0225 2.75843 297.714 77.0413
500 0.13408 25.0236 2.75638 297.632 77.0607
500 0.136672 25.0213 2.75811 297.586 77.0603
500 0.134848 25.0228 2.75786 297.632 77.1809
500 0.142688 24.9689 2.75632 297.661 77.1503
500 0.134592 25.0237 2.75504 297.646 77.3275
500 0.134336 25.0609 2.75667 297.652 78.0049
500 0.136896 25.0881 2.75517 297.642 78.1323
500 0.135392 25.002 2.75558 297.652 75.5092
500 0.135168 24.9838 2.75654 297.649 77.4438
500 0.136 24.9759 2.75635 297.645 77.3772
500 0.1344 25.0242 2.75718 297.663 77.4146
500 0.137088 25.011 2.75789 297.696 77.1623
500 0.134944 24.9765 2.75744 297.673 77.5089
500 0.136224 24.9348 2.75683 297.59 78.0096
500 0.134752 24.9816 2.75738 297.695 77.4876
500 0.15024 25.0242 2.7567 297.654 78.2312
500 0.146144 25.0306 2.75715 297.648 77.3674
500 0.137312 24.973 2.7568 297.603 77.3608
500 0.134592 24.9738 2.75658 297.679 78.3302
500 0.135328 24.9673 2.75555 297.69 78.3437
500 0.135136 25.1184 2.756 297.601 77.1642
500 0.137536 25.0271 2.75827 297.689 77.2494
500 0.135072 24.9357 2.75728 297.698 77.0259
500 0.135328 25.0343 2.75642 297.674 77.2416
500 0.135712 24.9691 2.75475 297.619 77.2055
500 0.136512 24.9721 2.75658 297.638 77.2114
500 0.135808 24.972 2.75706 297.644 78.0666
500 0.135456 25.0245 2.75798 297.693 75.6441
500 0.13536 24.9716 2.75728 297.638 77.1121
500 0.13584 25.0276 2.75741 297.642 77.3691
500 0.133984 25.0221 2.7577 297.642 77.25
500 0.135968 24.9716 2.75722 297.62 77.3688
500 0.135104 24.9769 2.75846 297.688 75.6428
500 0.136672 25.1011 2.756 297.669 77.2274
500 0.135424 25.0235 2.75782 297.675 77.7123
500 0.135872 25.0253 2.75834 297.64 78.0374
500 0.135904 24.9743 2.75818 297.669 77.246
500 0.180736 24.979 2.75686 297.653 75.6717
500 0.134144 24.9713 2.75702 297.638 77.3121
500 0.137152 24.978 2.75683 297.666 77.2979
500 0.142432 25.0481 2.75722 297.632 77.3431
500 0.13744 25.0209 2.75725 297.707 77.6377
500 0.134624 25.0155 2.75702 297.664 77.4203
500 0.13616 25.0605 2.7591 297.668 77.1284
500 0.135808 25.0023 2.75603 297.588 77.0983
500 0.13472 25.0242 2.75696 297.652 77.17
500 0.134432 25.0092 2.75642 297.668 77.6229
500 0.136864 24.97 2.75642 297.643 77.3039
500 0.135072 24.9351 2.75587 297.652 77.3115
500 0.136128 24.9714 2.75674 297.628 77.5488
500 0.135616 24.9758 2.75757 297.647 77.4659
500 0.136416 24.9687 2.75642 297.676 77.2786
500 0.135008 24.9851 2.75514 297.64 75.6762
500 0.135904 24.9885 2.7569 297.689 78.1413
500 0.134656 24.974 2.75766 297.687 77.3201
500 0.136256 24.9731 2.75587 297.679 77.2681
500 0.134624 24.9744 2.75712 297.691 77.6695
500 0.136864 24.9332 2.75645 297.643 75.5393
500 0.13568 25.0102 2.75642 297.691 77.1477
500 0.136832 25.0013 2.75725 297.659 77.6964
500 0.134816 24.9849 2.7568 297.645 77.2494
500 0.190528 24.976 2.75779 297.649 77.1428
500 0.134496 25.0262 2.75818 297.657 77.1885
500 0.135264 24.9674 2.8135 297.617 77.1826
500 0.135488 25.0197 2.75622 297.693 77.3341
500 0.135488 24.9699 2.75642 297.639 77.2909
500 0.189376 24.9876 2.75654 297.687 77.6426
500 0.136896 25.0761 2.75677 297.629 78.0905
500 0.134528 24.969 2.75798 297.684 77.2754
500 0.19952 24.9715 2.75658 297.632 77.4311
500 0.136064 25.0165 2.75786 297.662 78.3802
500 0.136128 24.9961 2.75581 297.644 78.0713
500 0.134624 24.9207 2.75635 297.663 77.219
500 0.191392 24.9871 2.75859 297.63 78.149
500 0.135584 25.0254 2.75475 297.694 77.3198
500 0.136032 25.0184 2.75744 297.657 77.2966
500 0.135008 25.0631 2.75754 297.664 77.2525
500 0.136128 24.9751 2.756 297.648 77.546
500 0.134624 24.9761 2.75875 297.619 78.0887
500 0.13616 25.0073 2.75885 297.662 78.738
