2000 0.269088 25.0604 10.9625 297.974 214.058
2000 0.146016 25.0789 10.9472 297.917 77.357
2000 0.14368 24.9806 10.9462 297.965 77.2053
2000 0.149696 25.1049 10.9527 297.94 77.34
2000 0.14576 24.9748 10.9481 297.899 78.114
2000 0.199616 25.0776 10.9475 297.961 77.5031
2000 0.145536 24.9751 10.9481 297.935 77.5937
2000 0.145472 25.0092 10.9483 297.972 77.3664
2000 0.144928 24.974 10.9484 297.969 77.2687
2000 0.144768 24.976 10.9476 297.935 77.35
2000 0.144192 25.0147 10.9466 297.917 77.4653
2000 0.144704 24.9759 10.9512 297.959 77.4163
2000 0.144224 25.0631 10.9497 297.963 77.3681
2000 0.144256 24.9773 10.9499 297.966 77.4083
2000 0.144192 25.0116 10.9439 297.971 78.2123
2000 0.150112 24.9435 10.9531 297.905 77.7017
2000 0.14496 25.0128 10.9518 297.917 77.367
2000 0.145024 24.9816 10.9541 297.905 77.4254
2000 0.144096 25.0118 10.9499 297.904 77.4494
2000 0.145024 24.979 10.9527 297.921 77.4268
2000 0.153344 25.0369 10.9493 297.946 77.4079
2000 0.144704 24.9804 10.9513 297.943 77.6384
2000 0.14624 24.9924 10.95 297.955 77.303
2000 0.14496 24.9867 10.9476 297.953 77.4037
2000 0.144544 24.9922 10.9506 297.966 78.2927
2000 0.165568 25.017 10.9543 297.912 77.4907
2000 0.145088 24.9758 10.9498 297.957 77.462
2000 0.144864 25.0158 10.9516 297.95 77.4775
2000 0.144416 24.9766 10.9483 297.92 77.3079
2000 0.164736 25.124 10.9504 297.975 75.74
2000 0.199616 25.0323 10.9532 297.93 77.327
2000 0.144448 25.0212 10.9518 297.949 75.8332
2000 0.145408 25.0497 10.95 297.993 77.4562
2000 0.147008 25.025 10.9478 297.942 75.9098
2000 0.143488 24.9816 10.9447 297.945 77.6409
2000 0.144448 25.0716 10.9515 297.961 77.5113
2000 0.160416 25.0721 10.9466 297.933 77.2742
2000 0.144736 24.9358 10.9466 297.935 77.4015
2000 0.144448 25.0227 10.9472 297.901 78.5783
2000 0.153024 25.0273 10.9488 297.916 78.4751
2000 0.14448 25.0186 10.9498 297.895 77.5151
2000 0.144672 24.9962 10.9494 297.906 77.3276
2000 0.145184 24.9938 10.9512 297.945 78.437
2000 0.20032 25.0247 10.9496 297.934 78.2834
2000 0.145184 24.9432 10.947 297.955 77.6368
2000 0.1464 25.0195 10.9523 297.915 77.4332
2000 0.144384 24.9777 10.9491 297.933 77.4105
2000 0.145088 25.0128 10.9516 297.874 76.6505
2000 0.14608 25.0166 10.9494 297.897 77.4441
2000 0.144672 24.977 10.9492 297.937 77.4707
2000 0.147104 25.0148 10.9513 297.981 75.8646
2000 0.143328 24.9765 10.9505 297.98 75.846
2000 0.144128 25.0693 10.9476 297.93 77.3298
2000 0.144672 25.0146 10.9479 297.956 77.4892
2000 0.144544 24.989 10.9483 297.989 77.5364
2000 0.145024 24.9779 10.9484 297.931 77.5732
2000 0.14512 24.9965 10.9482 297.945 77.4511
2000 0.144832 24.9779 10.953 297.947 77.1789
2000 0.253632 25.0199 10.9471 297.858 78.7168
2000 0.145536 25.0492 10.9483 297.938 77.853
2000 0.149088 24.9748 10.9463 297.933 76.1358
2000 0.154176 25.0253 10.9528 297.911 76.2473
2000 0.14656 25.0389 10.9468 297.922 77.7068
2000 0.145728 25.0138 10.9464 297.865 75.7842
2000 0.144448 25.0314 10.9458 297.89 77.5674
2000 0.145248 25.064 10.9526 297.944 77.3049
2000 0.144096 24.9588 10.9526 298.003 77.4796
2000 0.145504 25.0179 10.9476 297.984 77.0597
2000 0.1528 24.9765 10.9514 297.958 77.5357
2000 0.145984 25.0747 10.9486 297.952 77.4239
2000 0.144832 24.9736 10.9514 297.978 78.5342
2000 0.144992 25.0124 10.9524 297.909 77.5109
2000 0.144608 24.9759 10.9521 297.889 77.604
2000 0.144256 25.072 10.9524 297.929 77.4059
2000 0.145056 25.067 10.95 297.865 78.256
2000 0.144224 24.9754 10.9453 297.895 77.8172
2000 0.145312 24.9727 10.9479 297.919 77.6344
2000 0.197568 25.083 10.9513 297.975 78.3826
2000 0.145248 25.0309 10.9476 297.967 78.0924
2000 0.20144 25.009 10.9495 297.933 78.9128
2000 0.153376 25.0129 10.9482 297.978 79.0916
2000 0.146208 25.0849 10.9485 297.938 77.6937
2000 0.163456 25.0099 10.9476 297.961 78.3449
2000 0.143072 24.9747 10.9501 297.887 78.1343
2000 0.144416 25.0076 10.9496 297.946 77.6516
2000 0.143872 24.9813 10.9486 297.955 77.7204
2000 0.143808 24.9747 10.9466 297.975 78.4607
2000 0.14288 25.0712 10.9483 297.915 77.5041
2000 0.142432 24.9377 10.9521 297.928 75.729
2000 0.143456 25.0107 10.9508 297.921 77.6448
2000 0.143968 24.9742 10.9505 297.967 75.8733
2000 0.14464 25.0138 10.9487 297.945 78.1673
2000 0.2008 24.9942 10.9519 297.937 76.0246
2000 0.143392 25.001 10.9517 297.939 77.4345
2000 0.142848 24.9756 10.9495 297.922 75.7891
2000 0.142816 24.9753 10.948 297.944 78.1667
2000 0.143936 24.9761 10.9527 297.927 77.6308
2000 0.20304 25.0679 10.9476 297.936 78.1491
2000 0.143616 24.9757 10.948 297.907 77.537
2000 0.14352 25.0572 10.9481 297.878 77.3334
