3000 0.157856 25.061 16.4146 298.084 207.736
3000 0.151584 25.0205 16.4034 298.064 78.1684
3000 0.151008 25.0472 16.4053 298.026 78.586
3000 0.151296 25.0469 16.4061 298.045 79.4452
3000 0.148768 24.9855 16.4079 298.045 77.4682
3000 0.15072 24.9454 16.4082 298.106 77.6618
3000 0.150784 24.973 16.4097 298.099 77.471
3000 0.15024 24.9823 16.4026 298.047 77.5594
3000 0.150912 25.015 16.4063 298.119 77.39
3000 0.151072 25.0734 16.4066 298.069 77.8255
3000 0.15136 25.0714 16.4046 298.133 78.4648
3000 0.216512 24.978 16.4119 298.055 77.5763
3000 0.151424 25.1538 16.4111 298.092 77.643
3000 0.152064 25.0164 16.4088 298.041 78.7914
3000 0.15072 25.0398 16.408 298.102 77.7698
3000 0.15104 25.1044 16.4056 298.145 77.5644
3000 0.218432 25.035 16.4097 298.069 77.5055
3000 0.151104 25.0537 16.4057 298.069 77.6011
3000 0.151072 24.9435 16.4057 298.061 77.5753
3000 0.151808 25.0084 16.4097 298.033 77.9652
3000 0.151008 25.0185 16.4086 298.032 77.8446
3000 0.15824 25.0157 16.4074 298.067 77.7454
3000 0.151264 25.0364 16.4618 298.045 77.6123
3000 0.151808 25.1304 16.4048 298.088 77.92
3000 0.151488 25.1358 16.4063 298.075 77.6543
3000 0.150272 25.0841 16.4072 298.067 78.7895
3000 0.150976 24.9793 16.4084 298.107 77.7249
3000 0.151552 24.9798 16.4004 298.05 77.853
3000 0.151296 25.0154 16.4055 298.063 77.7006
3000 0.150688 24.9901 16.4026 298.076 77.6848
3000 0.20976 25.0736 16.405 298.116 77.5063
3000 0.170656 25.0337 16.4066 298.083 77.8262
3000 0.161312 25.0158 16.4074 298.077 77.3505
3000 0.159296 25.0373 16.4112 298.093 77.4104
3000 0.149472 25.0249 16.4048 298.027 76.7294
3000 0.176544 24.9384 16.4081 298.04 75.753
3000 0.151808 25.0212 16.4034 298.03 75.7849
3000 0.149312 25.0116 16.4038 298.07 77.6497
3000 0.150336 25.0323 16.4015 298.085 77.3837
3000 0.149696 24.9763 16.4007 298.042 77.299
3000 0.148864 24.9775 16.4057 298.063 78.2332
3000 0.14976 25.0385 16.4103 298.076 77.5016
3000 0.149792 25.0143 16.4065 298.091 78.3227
3000 0.149728 25.02 16.4079 298.084 77.2766
3000 0.149472 25.0859 16.408 298.115 77.1501
3000 0.149248 25.0228 16.4024 298.068 77.2699
3000 0.149312 25.0153 16.4052 298.063 77.3646
3000 0.15088 24.9784 16.4056 298.036 77.3336
3000 0.148576 25.0158 16.4056 298.091 77.278
3000 0.149504 25.0051 16.4074 298.015 77.2797
3000 0.156064 25.0107 16.4077 298.068 77.319
3000 0.158112 24.9775 16.4039 298.057 77.3283
3000 0.14976 24.9859 16.4069 298.045 77.1635
3000 0.149504 25.0424 16.4072 298.052 77.3822
3000 0.148896 25.0203 16.4118 298.07 77.2407
3000 0.150752 25.0183 16.4027 298.006 77.3699
3000 0.14896 25.0387 16.4068 298.054 77.1296
3000 0.149216 25.0275 16.4062 298.028 77.7076
3000 0.178656 24.9792 16.4032 298.134 77.5255
3000 0.149664 24.9781 16.4065 298.103 77.2951
3000 0.149312 25.0234 16.4045 298.097 77.2431
3000 0.159328 25.0122 16.4069 298.063 77.0721
3000 0.148928 25.0023 16.4059 298.056 77.282
3000 0.14992 25.014 16.4061 298.046 77.298
3000 0.149728 24.9824 16.4047 298.071 77.494
3000 0.149024 25.0683 16.4036 298.088 78.1074
3000 0.147008 25.0196 16.4075 298.057 77.2712
3000 0.147104 25.0174 16.406 298.099 78.0612
3000 0.147648 25.0228 16.4041 298.024 77.3052
3000 0.14944 25.0639 16.4026 298.057 77.0961
3000 0.14688 25.0137 16.402 298.094 77.0925
3000 0.146912 24.9772 16.4043 298.081 77.3996
3000 0.146688 24.9906 16.4046 298.045 77.2215
3000 0.204576 25.0102 16.4028 298.056 77.2276
3000 0.147488 25.0521 16.4077 298.067 77.1901
3000 0.147232 24.9819 16.4017 298.079 77.2521
3000 0.147168 25.0084 16.4066 298.091 77.2728
3000 0.151392 24.978 16.4043 298.079 77.2723
3000 0.147136 25.0212 16.4082 298.016 77.3315
3000 0.148064 25.0155 16.4063 298.059 77.5001
3000 0.147072 24.9828 16.4072 298.077 77.1019
3000 0.148192 25.0185 16.399 298.098 78.5388
3000 0.146848 24.9853 16.4055 298.036 77.7187
3000 0.147264 25.0368 16.4038 298.1 77.6681
3000 0.14816 24.9768 16.402 298.012 77.3259
3000 0.147616 24.9774 16.4031 298.075 77.6191
3000 0.14704 25.014 16.4076 298.095 77.2684
3000 0.14704 25.037 16.4047 298.026 77.1842
3000 0.146592 24.9779 16.4099 298.084 77.2441
3000 0.147968 24.9793 16.4084 298.077 77.3557
3000 0.14832 25.0128 16.4035 298.08 78.1273
3000 0.14768 24.9371 16.4036 298.077 77.3214
3000 0.147456 24.9811 16.4063 298.115 78.0756
3000 0.196256 24.9806 16.4061 298.08 77.3561
3000 0.148192 25.015 16.4059 298.093 77.0888
3000 0.147776 24.9788 16.4069 298.105 77.2936
3000 0.149152 25.028 16.405 298.06 77.3274
3000 0.157056 24.9815 16.4055 298.115 77.1169
3000 0.14784 24.9896 16.41 298.081 77.4269
3000 0.148576 25.0244 16.405 298.125 77.4972
