2500 0.1616 25.0849 13.6812 298.017 203.549
2500 0.151168 25.0159 13.6807 297.986 77.652
2500 0.148576 25.0168 13.6786 297.99 77.3378
2500 0.156768 24.9973 13.6813 298.026 77.2162
2500 0.148864 24.9966 13.6776 298.026 75.5693
2500 0.150208 24.9819 13.6799 297.981 77.2559
2500 0.15104 25.0164 13.6743 298.003 77.1819
2500 0.149824 24.9759 13.6746 298.014 77.192
2500 0.14848 24.9954 13.6776 297.997 77.9818
2500 0.151968 25.0371 13.6782 297.988 77.3536
2500 0.148864 24.9994 13.6751 298.017 77.3694
2500 0.147488 25.0071 13.6763 298.022 75.6565
2500 0.149376 25.0102 13.6811 298.01 77.1797
2500 0.148512 25.0657 13.6746 298.01 75.6497
2500 0.14864 25.0643 13.6747 297.99 77.2106
2500 0.148576 25.0103 13.6744 297.96 75.536
2500 0.149216 24.9486 13.68 298.023 77.2468
2500 0.147264 25.0287 13.683 297.986 77.0916
2500 0.147392 25.0111 13.674 298.022 76.8256
2500 0.148352 25.0221 13.6802 298.03 76.9331
2500 0.148128 24.9738 13.6805 297.989 78.4165
2500 0.148192 24.9741 13.6777 297.995 75.633
2500 0.148192 25.0657 13.6725 297.986 77.1332
2500 0.148704 25.0116 13.6781 298.05 75.5979
2500 0.149152 25.0122 13.6767 297.996 77.2273
2500 0.147264 25.0129 13.6777 298.004 75.5042
2500 0.148224 25.0695 13.681 298.018 77.0872
2500 0.205088 24.9717 13.677 297.961 75.5084
2500 0.147552 24.9751 13.6804 297.99 77.1175
2500 0.14784 25.0268 13.6803 297.973 75.6636
2500 0.148544 25.0731 13.6773 298.007 77.266
2500 0.147808 25.0127 13.6806 297.999 75.5323
2500 0.148224 25.0151 13.6787 297.975 77.1907
2500 0.149472 24.9819 13.6777 298.028 75.5225
2500 0.148672 25.0148 13.6769 298.008 77.2459
2500 0.147808 25.0026 13.6806 298.068 75.7684
2500 0.148672 24.9775 13.6814 298.04 77.4399
2500 0.211712 25.0214 13.683 297.988 76.2257
2500 0.149568 25.0383 13.6788 297.929 78.3049
2500 0.149536 25.0124 13.6764 298.017 77.2635
2500 0.18704 25.0149 13.6793 297.973 78.5994
2500 0.148864 25.0673 13.6775 297.996 77.0283
2500 0.148896 25.0004 13.6736 298.054 77.3183
2500 0.165056 24.978 13.6772 298.04 78.491
2500 0.147968 25.0399 13.6767 298.064 77.1754
2500 0.14784 25.014 13.681 298.06 77.0979
2500 0.202432 25.0366 13.6817 297.967 77.3153
2500 0.147648 24.9788 13.681 298.029 76.9183
2500 0.148736 24.9736 13.6757 298.025 77.1046
2500 0.202592 25.0129 13.6778 298 77.9746
2500 0.147744 25.1035 13.6766 297.969 77.2605
2500 0.14896 25.0212 13.6748 298.027 77.2748
2500 0.149088 25.0125 13.6757 297.975 77.1549
2500 0.148256 25.0274 13.6757 298.056 77.3259
2500 0.14928 24.9748 13.6776 298.02 77.169
2500 0.148096 24.9907 13.6795 297.999 78.8596
2500 0.14848 25.1176 13.6742 298.045 78.1002
2500 0.148576 24.9954 13.6811 298.058 78.1047
2500 0.148224 25.0724 13.6766 297.991 77.8296
2500 0.2048 25.0185 13.6781 298.049 78.9178
2500 0.147872 24.9784 13.6762 297.976 77.2547
2500 0.147776 25.0175 13.6812 298.01 77.225
2500 0.14768 25.0334 13.6773 298.061 77.8692
2500 0.1472 25.0145 13.6759 297.948 77.1984
2500 0.14736 24.9771 13.6729 298.02 77.2316
2500 0.148128 25.0143 13.6767 298 77.3658
2500 0.148736 24.9789 13.6778 298.028 77.1782
2500 0.147616 25.0197 13.6753 297.975 77.1187
2500 0.148032 25.0216 13.677 298.035 78.088
2500 0.147904 25.0363 13.6788 297.983 77.1523
2500 0.147776 24.9871 13.6782 298.027 78.7456
2500 0.14848 25.0462 13.6785 298.05 77.245
2500 0.147904 25.0087 13.6771 297.98 78.5661
2500 0.153472 24.9929 13.6753 297.981 77.4063
2500 0.152224 25.0114 13.6787 297.986 77.9563
2500 0.145888 24.9783 13.6748 298.052 77.4383
2500 0.145696 25.0135 13.6786 298.026 77.6962
2500 0.145056 24.994 13.6764 297.999 77.0163
2500 0.14608 24.9442 13.6788 298.008 77.2084
2500 0.146592 25.016 13.679 297.987 77.4396
2500 0.145568 25.0104 13.6782 297.945 76.1366
2500 0.146624 24.9777 13.6823 298.043 77.7375
2500 0.14752 25.0052 13.6769 298.024 75.587
2500 0.146688 25.0127 13.6747 298 77.0981
2500 0.201504 25.0086 13.6781 298.009 75.3893
2500 0.153472 24.9736 13.6787 297.99 77.0768
2500 0.147168 25.0821 13.6759 298.007 75.6208
2500 0.201312 24.9705 13.6772 297.976 77.3826
2500 0.146112 25.0304 13.6765 298.025 76.997
2500 0.146208 25.0638 13.6796 298.001 76.9873
2500 0.146432 25.0089 13.6792 297.996 77.1934
2500 0.145184 24.9768 13.6778 297.974 77.3274
2500 0.146368 25.0332 13.6724 297.971 77.2109
2500 0.159072 24.9733 13.6787 298.014 77.0544
2500 0.14656 25.0664 13.684 297.963 77.145
2500 0.146304 24.9737 13.6776 297.955 77.0508
2500 0.14592 25.0709 13.6768 298.043 77.3519
2500 0.145632 25.0514 13.6778 298.013 76.9185
2500 0.145984 25.0626 13.6744 297.938 75.6133
2500 0.146912 24.9739 13.6761 297.975 77.3362
