300 0.136704 25.0134 1.66176 297.617 211.948
300 0.13408 25.0102 1.65632 297.681 78.9504
300 0.142848 25.0798 1.65622 297.609 78.3104
300 0.195328 25.1419 1.65658 297.66 77.8335
300 0.195232 24.9824 1.65677 297.66 77.7425
300 0.13408 25.0231 1.65526 297.603 77.7748
300 0.132768 24.9698 1.6568 297.549 77.5748
300 0.133952 25.0308 1.65574 297.599 77.4389
300 0.133216 25.0825 1.65549 297.602 77.6713
300 0.13456 25.0134 1.65571 297.626 77.9616
300 0.13328 24.9677 1.65546 297.596 78.0473
300 0.132832 24.9708 1.6561 297.584 78.0691
300 0.133568 25.0063 1.65677 297.656 77.7887
300 0.1336 25.0639 1.65555 297.568 78.0074
300 0.133792 24.9776 1.65635 297.541 77.9263
300 0.133344 25.052 1.65619 297.598 77.9987
300 0.1352 25.0705 1.65603 297.66 77.9555
300 0.142912 25.0428 1.65562 297.604 77.8995
300 0.134656 24.971 1.65526 297.579 77.8899
300 0.1328 25.0626 1.65626 297.631 76.1114
300 0.132352 24.9764 1.6559 297.633 75.9572
300 0.13552 25.0548 1.65626 297.592 77.9098
300 0.132064 24.9879 1.65568 297.609 77.9958
300 0.134432 25.0047 1.65507 297.58 77.7744
300 0.134816 24.9813 1.65648 297.621 78.022
300 0.136896 24.9948 1.65712 297.621 76.0976
300 0.132384 25.0051 1.65648 297.629 78.7389
300 0.134656 24.9696 1.65427 297.573 79.6758
300 0.132384 24.9677 1.65597 297.637 76.284
300 0.132928 25.0676 1.65802 297.605 77.8832
300 0.13456 25.0157 1.65459 297.648 77.9138
300 0.13392 24.9718 1.65462 297.567 77.8136
300 0.133536 24.9727 1.65674 297.63 78.6206
300 0.134912 25.0332 1.65674 297.683 75.8821
300 0.198816 25.1442 1.65523 297.613 78.0741
300 0.132832 25.0598 1.65635 297.613 77.9222
300 0.13472 25.0164 1.65475 297.607 77.7545
300 0.135264 25.0068 1.65606 297.587 78.0722
300 0.13232 25.0135 1.65552 297.597 77.8987
300 0.139104 25.0502 1.65549 297.625 77.8677
300 0.133664 25.0319 1.65562 297.656 79.6058
300 0.133504 25.0039 1.65632 297.597 77.7057
300 0.13472 24.9717 1.65706 297.631 77.7593
300 0.133952 24.9698 1.65472 297.631 77.9123
300 0.133824 25.0743 1.65501 297.568 78.0134
300 0.133504 25.0022 1.65722 297.639 78.6621
300 0.132768 25.1127 1.65507 297.636 78.7204
300 0.196352 25.066 1.65501 297.592 79.5603
300 0.132352 24.976 1.65693 297.628 79.6288
300 0.133024 25.0164 1.65629 297.646 78.0194
300 0.14272 24.9859 1.65603 297.681 79.4793
300 0.133248 24.9708 1.65565 297.65 78.5511
300 0.207712 24.9658 1.65482 297.565 77.8165
300 0.206176 24.974 1.65514 297.59 78.1175
300 0.14304 25.0621 1.65638 297.645 77.5947
300 0.15376 25.1546 1.6576 297.647 78.5237
300 0.148224 25.0219 1.65466 297.633 78.6013
300 0.133696 25.035 1.65501 297.636 77.7543
300 0.133088 25.0677 1.65587 297.652 77.6211
300 0.189984 24.9761 1.65629 297.637 77.8368
300 0.134208 24.9994 1.65482 297.632 78.0061
300 0.134368 25.0628 1.65642 297.601 77.8412
300 0.193472 25.0133 1.65558 297.553 77.9566
300 0.135168 24.9735 1.6551 297.595 78.033
300 0.134048 24.9738 1.6553 297.613 79.4927
300 0.133216 24.9385 1.65485 297.643 78.7633
300 0.13248 24.9214 1.65654 297.654 78.2012
300 0.13344 24.979 1.6575 297.605 78.1183
300 0.132096 24.9717 1.65584 297.591 78.7712
300 0.133888 24.971 1.65462 297.599 78.269
300 0.134784 24.9782 1.65558 297.61 78.1429
300 0.133056 25.0269 1.65501 297.586 78.2764
300 0.133408 25.0095 1.65642 297.637 77.6684
300 0.132608 24.9677 1.6569 297.63 77.8673
300 0.13328 24.9768 1.65491 297.609 76.1883
300 0.132704 24.9726 1.65482 297.586 78.0076
300 0.134592 25.0279 1.65587 297.654 78.4382
300 0.141472 25.0611 1.6583 297.631 77.9335
300 0.13328 24.9693 1.65674 297.646 79.6475
300 0.132736 24.995 1.65626 297.588 75.8798
300 0.1976 24.9744 1.65587 297.664 78.8536
300 0.13408 25.0329 1.656 297.644 78.7312
300 0.133664 25.0368 1.65581 297.571 78.7386
300 0.1344 24.9713 1.6561 297.571 78.2264
300 0.133856 25.0369 1.65536 297.591 75.9902
300 0.134496 25.0216 1.65594 297.638 77.6136
300 0.132544 25.0267 1.65616 297.626 77.6213
300 0.134784 24.9708 1.65517 297.641 77.7958
300 0.19664 25.0103 1.65523 297.626 77.9467
300 0.133216 25.0773 1.65664 297.616 79.4658
300 0.133504 24.9829 1.65613 297.667 77.7213
300 0.133184 25.0068 1.65478 297.63 77.636
300 0.134112 25.0084 1.65526 297.572 78.5835
300 0.13232 25.0309 1.65638 297.629 77.9157
300 0.134496 24.9781 1.65542 297.68 78.3297
300 0.132576 25.0355 1.65645 297.629 77.7778
300 0.134816 25.0161 1.656 297.616 79.4124
300 0.132448 25.0495 1.65539 297.587 79.6802
300 0.132512 25.0066 1.65472 297.655 77.8802
300 0.190656 24.9912 1.65558 297.597 77.6792
