1000 0.214976 25.0192 5.49107 297.72 201.555
1000 0.141248 25.026 5.48477 297.728 77.1854
1000 0.139328 25.139 5.48653 297.813 78.6582
1000 0.140704 25.0494 5.48589 297.777 77.1977
1000 0.195808 24.9731 5.4857 297.755 78.641
1000 0.141184 25.0495 5.48595 297.777 77.2892
1000 0.13872 24.9717 5.48275 297.727 77.1445
1000 0.139104 24.9763 5.48643 297.764 77.2413
1000 0.138688 24.984 5.48685 297.759 77.3154
1000 0.19584 24.9977 5.4857 297.793 78.7375
1000 0.138112 24.9701 5.48662 297.759 77.1073
1000 0.149504 25.0309 5.48541 297.77 77.36
1000 0.192096 25.0136 5.48483 297.757 77.2138
1000 0.14144 25.0437 5.48749 297.736 77.005
1000 0.138144 25.0525 5.4872 297.788 77.117
1000 0.14048 25.0401 5.48483 297.746 77.2217
1000 0.13904 24.9847 5.48659 297.807 77.1861
1000 0.140672 24.9865 5.4879 297.789 77.2381
1000 0.139232 25.031 5.48611 297.781 77.148
1000 0.193952 24.9369 5.48557 297.76 77.2139
1000 0.137664 25.0221 5.48592 297.743 77.3253
1000 0.14 25.1076 5.48483 297.806 78.0717
1000 0.139104 24.9725 5.48525 297.734 78.5385
1000 0.152544 25.0466 5.48691 297.761 78.0917
1000 0.138208 24.9733 5.48454 297.767 77.8916
1000 0.141088 25.0091 5.48614 297.806 77.1458
1000 0.139168 25.0294 5.48515 297.8 77.2019
1000 0.140448 24.9334 5.48614 297.786 77.8475
1000 0.138912 25.0504 5.48758 297.765 77.4519
1000 0.141408 24.9857 5.5001 297.766 77.3353
1000 0.192448 24.976 5.48563 297.763 77.4164
1000 0.177376 24.9692 5.48816 297.717 78.8147
1000 0.138656 25.0185 5.48627 297.75 77.2078
1000 0.140768 25.0177 5.48704 297.785 77.2538
1000 0.137184 25.0132 5.4855 297.733 77.3012
1000 0.142144 25.0137 5.48672 297.789 77.4262
1000 0.138176 25.0148 5.48621 297.795 77.9388
1000 0.155584 25.0546 5.48691 297.786 77.9771
1000 0.137856 25.0272 5.48624 297.759 77.3576
1000 0.150464 24.9755 5.48672 297.766 77.4728
1000 0.139456 24.9817 5.48669 297.8 78.0116
1000 0.140768 24.9709 5.48701 297.74 77.8973
1000 0.177408 24.991 5.48595 297.754 77.9764
1000 0.140576 24.9844 5.48579 297.761 77.1926
1000 0.137952 25.0261 5.48586 297.751 77.8269
1000 0.139808 24.9706 5.4879 297.79 78.6821
1000 0.139392 24.9716 5.54064 297.689 78.1043
1000 0.194848 24.9723 5.48723 297.771 77.0338
1000 0.139136 25.0769 5.48646 297.746 78.0283
1000 0.140736 25.03 5.48646 297.773 77.939
1000 0.142848 24.9758 5.48486 297.775 77.358
1000 0.139232 24.9784 5.48848 297.716 77.2199
1000 0.139712 24.9754 5.48621 297.752 77.0927
1000 0.140224 25.1067 5.48563 297.736 77.0902
1000 0.138464 25.0476 5.48458 297.741 77.1
1000 0.149504 25.0443 5.48858 297.822 77.107
1000 0.199168 25.0503 5.48582 297.748 77.9021
1000 0.182272 24.995 5.48486 297.747 77.2551
1000 0.1384 24.9809 5.48602 297.799 77.2539
1000 0.140736 25.0322 5.48515 297.744 77.3019
1000 0.13968 25.0662 5.48752 297.766 77.2
1000 0.141056 25.044 5.48474 297.783 77.0319
1000 0.13856 25.0025 5.4873 297.802 78.0512
1000 0.147712 24.972 5.48573 297.781 77.8401
1000 0.139424 24.9671 5.48614 297.779 77.2645
1000 0.195744 24.9731 5.48576 297.773 77.165
1000 0.13856 25.0192 5.49616 297.721 77.2111
1000 0.140192 25.0972 5.48515 297.769 77.4757
1000 0.176832 24.989 5.48768 297.764 78.5744
1000 0.14128 24.9649 5.48422 297.826 77.6717
1000 0.139264 24.9774 5.48624 297.748 77.5812
1000 0.141888 24.9792 5.48611 297.759 77.2122
1000 0.13776 24.982 5.48563 297.809 77.2647
1000 0.141024 25.0456 5.48694 297.745 77.2152
1000 0.138112 25.0015 5.48752 297.714 77.2726
1000 0.140352 25.0237 5.48755 297.746 77.0644
1000 0.138464 25.0236 5.4864 297.704 77.2177
1000 0.140192 25.0266 5.48618 297.797 77.0906
1000 0.138528 24.9669 5.48822 297.693 77.1995
1000 0.139584 25.1033 5.48493 297.758 77.0907
1000 0.138624 25.0641 5.48666 297.799 78.1778
1000 0.140448 24.9748 5.48701 297.749 78.8604
1000 0.19488 25.054 5.48579 297.727 77.3197
1000 0.173312 24.9772 5.48432 297.762 77.201
1000 0.176128 24.9765 5.48672 297.72 77.1077
1000 0.203008 24.9744 5.48621 297.759 77.046
1000 0.13824 24.982 5.48874 297.804 77.1651
1000 0.139648 24.9807 5.48714 297.787 77.1857
1000 0.138976 24.971 5.4896 297.733 77.7425
1000 0.140416 25.0524 5.48598 297.803 77.2334
1000 0.145664 25.0476 5.48339 297.722 77.2201
1000 0.14832 24.9768 5.48422 297.827 77.2616
1000 0.1464 24.9722 5.48467 297.753 77.9519
1000 0.195744 24.9355 5.48253 297.759 77.0462
1000 0.138592 25.0248 5.4857 297.745 77.1915
1000 0.141024 25.0994 5.48525 297.748 77.0232
1000 0.13776 25.0685 5.48739 297.83 77.7688
1000 0.140064 24.9762 5.48483 297.726 77.1076
1000 0.139808 25.0115 5.48806 297.748 77.0961
1000 0.140096 24.9772 5.48739 297.764 77.1623
