4000 0.163392 25.0368 21.855 298.135 200.344
4000 0.157344 25.021 21.8487 298.19 79.0656
4000 0.157312 25.0405 21.8454 298.142 78.2695
4000 0.211936 24.9468 21.8503 298.22 77.4335
4000 0.156544 25.0374 21.8539 298.135 77.6158
4000 0.154816 25.0082 21.8459 298.105 77.598
4000 0.155904 25.0513 21.853 298.176 77.5261
4000 0.156 24.9975 21.8485 298.194 77.7021
4000 0.155904 25.0689 21.8509 298.199 77.5927
4000 0.155872 24.9822 21.8493 298.162 77.4779
4000 0.15552 24.9845 21.8525 298.176 77.5149
4000 0.156064 25.0673 21.8518 298.136 77.3764
4000 0.155392 25.0748 21.8473 298.2 77.5899
4000 0.156256 25.036 21.8482 298.167 79.4061
4000 0.155936 25.0351 21.8513 298.168 75.9297
4000 0.15568 24.9983 21.8538 298.193 77.4271
4000 0.155776 24.9901 21.8463 298.175 77.7308
4000 0.156352 25.0829 21.8481 298.22 77.6733
4000 0.155616 24.9829 21.8531 298.169 77.5424
4000 0.155552 24.9815 21.8549 298.199 77.3924
4000 0.155424 25.0875 21.8535 298.135 78.1066
4000 0.15568 25.0034 21.8478 298.166 75.9487
4000 0.1552 25.0396 21.8494 298.222 77.5637
4000 0.213632 24.9815 21.8491 298.193 77.3887
4000 0.156352 25.042 21.8492 298.136 79.0387
4000 0.155552 25.052 21.8469 298.226 77.9635
4000 0.156384 24.982 21.8499 298.157 75.8862
4000 0.155648 24.9867 21.8521 298.192 78.6164
4000 0.155712 25.1146 21.8491 298.174 77.7466
4000 0.16512 25.0227 21.8537 298.187 77.34
4000 0.156832 25.0207 21.8536 298.168 77.6255
4000 0.156608 24.9804 21.8451 298.212 77.5815
4000 0.156768 25.0378 21.8524 298.172 77.6251
4000 0.15584 24.9864 21.8508 298.187 76.0549
4000 0.155616 24.9831 21.8557 298.215 77.4982
4000 0.155936 25.0198 21.8484 298.158 77.5011
4000 0.15696 24.9805 21.9032 298.159 77.6097
4000 0.155392 25.0475 21.8478 298.19 75.9142
4000 0.155776 25.0006 21.8509 298.169 77.554
4000 0.157056 24.9535 21.8481 298.2 78.1623
4000 0.15584 25.0368 21.8485 298.17 77.6636
4000 0.156224 25.0924 21.8533 298.181 78.3896
4000 0.155904 24.9773 21.8512 298.179 78.3929
4000 0.15616 25.0098 21.851 298.169 78.7024
4000 0.211008 24.9826 21.8507 298.187 79.3181
4000 0.156096 25.1124 21.8505 298.156 77.5585
4000 0.156992 25.0569 21.8497 298.143 77.7047
4000 0.165056 25.0729 21.8533 298.194 77.6887
4000 0.156544 24.9817 21.8498 298.156 75.9371
4000 0.157312 24.9948 21.8531 298.194 78.2556
4000 0.157312 24.9808 21.8433 298.152 78.2829
4000 0.217504 25.0209 21.8443 298.139 78.1321
4000 0.157024 24.9783 21.8446 298.155 78.1662
4000 0.157952 25.0176 21.8497 298.141 77.9976
4000 0.156256 24.9857 21.8451 298.112 79.3172
4000 0.154176 24.9826 21.8493 298.155 77.7622
4000 0.153536 25.0421 21.8474 298.219 77.2814
4000 0.154048 25.0421 21.849 298.221 77.8755
4000 0.154912 24.9804 21.8469 298.151 77.8415
4000 0.153568 25.0375 21.8491 298.194 77.8247
4000 0.153824 25.0122 21.8515 298.213 79.3503
4000 0.152864 25.0463 21.8523 298.149 77.6075
4000 0.21504 25.0218 21.8465 298.161 77.8491
4000 0.152992 25.0092 21.8471 298.164 77.7441
4000 0.154272 25.0757 21.8447 298.182 78.7437
4000 0.163136 24.9791 21.8491 298.173 77.7443
4000 0.153984 25.0164 21.853 298.221 78.0725
4000 0.153984 24.9833 21.8486 298.162 77.7479
4000 0.15344 25.0032 21.8482 298.153 79.5853
4000 0.160512 24.9526 21.8434 298.183 77.9799
4000 0.1536 25.0156 21.8531 298.258 77.6499
4000 0.15344 25.0638 21.85 298.189 79.4028
4000 0.153664 25.0165 21.8515 298.216 78.0307
4000 0.15376 25.0206 21.8502 298.118 79.5829
4000 0.215488 25.0205 21.8481 298.165 77.9626
4000 0.15408 24.9418 21.8587 298.181 77.5511
4000 0.153376 25.0163 21.8495 298.133 78.0652
4000 0.153856 24.9802 21.8464 298.174 79.4242
4000 0.153984 24.9804 21.8532 298.161 78.6437
4000 0.15408 25.0144 21.8586 298.219 77.9017
4000 0.15344 25.0181 21.8521 298.202 77.4283
4000 0.152704 24.9572 21.8475 298.14 78.064
4000 0.153312 25.0208 21.8499 298.179 77.9557
4000 0.154176 25.0505 21.8496 298.193 77.3157
4000 0.174944 25.0262 21.852 298.165 77.8742
4000 0.153088 25.0186 21.8507 298.215 77.8132
4000 0.1552 24.9812 21.8528 298.198 77.8949
4000 0.154688 25.0538 21.8502 298.185 77.996
4000 0.154336 25.0183 21.8549 298.157 77.9528
4000 0.152448 24.9798 21.8521 298.223 78.0281
4000 0.15472 24.9855 21.8485 298.206 77.808
4000 0.158816 25.0813 21.8477 298.188 77.6998
4000 0.15328 25.018 21.852 298.094 77.772
4000 0.161984 25.0238 21.8493 298.212 77.5226
4000 0.174528 25.0245 21.8532 298.18 77.8679
4000 0.1544 25.0202 21.9037 298.152 77.8011
4000 0.15344 25.0195 21.8532 298.169 77.3272
4000 0.15392 24.9892 21.8502 298.193 77.7649
4000 0.155488 24.9832 21.8443 298.173 78.3471
4000 0.15376 24.9836 21.8469 298.164 76.1581
