200 0.136256 25.0728 1.11619 297.604 194.715
200 0.133568 24.9701 1.11152 297.631 77.5359
200 0.134368 25.0233 1.11142 297.603 77.4195
200 0.13408 24.9305 1.1113 297.547 77.4633
200 0.19072 24.9724 1.11043 297.584 77.4636
200 0.1336 24.9682 1.11162 297.627 77.4644
200 0.135008 24.9703 1.11114 297.592 77.7549
200 0.13472 25.0053 1.11123 297.588 75.7707
200 0.133568 25.0374 1.11165 297.63 77.5711
200 0.187712 24.9675 1.11018 297.65 77.5364
200 0.189632 24.9684 1.10957 297.564 77.5095
200 0.134016 24.9796 1.11155 297.558 77.9395
200 0.135584 24.9355 1.10992 297.602 76.15
200 0.134144 25.0592 1.11085 297.609 79.1144
200 0.135936 24.9752 1.11158 297.561 77.5327
200 0.135968 25.0225 1.11117 297.572 77.8438
200 0.135392 24.9724 1.10992 297.595 78.6989
200 0.1352 24.9712 1.11078 297.602 77.3527
200 0.134976 24.9719 1.11037 297.594 77.4591
200 0.143584 24.9676 1.11078 297.627 77.5388
200 0.132224 24.9686 1.11293 297.574 76.229
200 0.135072 24.9304 1.11136 297.52 77.8127
200 0.13376 24.98 1.11171 297.555 77.4791
200 0.13472 24.9692 1.1113 297.561 77.9881
200 0.133856 25.0298 1.11168 297.59 79.1077
200 0.190688 25.0239 1.11178 297.547 78.066
200 0.134176 25.0433 1.1111 297.584 78.2685
200 0.135232 24.9719 1.11024 297.588 77.6622
200 0.134688 24.9725 1.11075 297.652 77.8333
200 0.143136 24.9662 1.11114 297.575 77.5607
200 0.189824 24.9344 1.11056 297.627 77.415
200 0.13536 25.0208 1.11014 297.593 77.5647
200 0.133984 24.9672 1.11018 297.569 77.8504
200 0.135072 25.022 1.11008 297.603 75.7421
200 0.134976 25.0337 1.11085 297.61 77.3524
200 0.134784 24.9773 1.11062 297.586 77.5807
200 0.189728 24.9689 1.10992 297.563 78.7326
200 0.134304 24.9707 1.11194 297.589 77.8382
200 0.134976 24.9685 1.10998 297.581 77.3464
200 0.170528 24.9686 1.11094 297.604 77.4867
200 0.13504 25.0239 1.10986 297.614 77.4439
200 0.133184 24.9782 1.11034 297.61 77.4794
200 0.134944 25.0445 1.11149 297.575 78.9478
200 0.135584 25.0764 1.11024 297.561 78.4998
200 0.132896 24.9795 1.11078 297.605 77.6949
200 0.142464 24.9695 1.11062 297.59 77.6555
200 0.189024 25.0224 1.1112 297.616 78.4737
200 0.13488 25.0448 1.11072 297.599 77.593
200 0.14368 25.0073 1.1119 297.599 77.4057
200 0.135456 25.0517 1.10963 297.613 77.5229
200 0.134752 25.0506 1.11059 297.562 78.658
200 0.133632 24.9699 1.10928 297.598 77.2469
200 0.13488 25.0244 1.11056 297.595 77.4876
200 0.133952 25.0195 1.1113 297.607 77.3703
200 0.13328 24.9706 1.1112 297.624 77.4143
200 0.133408 25.0228 1.11165 297.552 77.5353
200 0.135968 24.9668 1.11021 297.659 77.3045
200 0.187488 24.9683 1.11194 297.634 77.4336
200 0.1344 25.028 1.11011 297.624 77.3677
200 0.188256 24.9667 1.10998 297.584 77.4798
200 0.134016 25.0975 1.11082 297.614 78.7876
200 0.13408 25.0445 1.11059 297.588 77.5018
200 0.134624 25.0747 1.11139 297.595 77.5476
200 0.196928 25.0311 1.11171 297.556 77.4569
200 0.134368 24.9728 1.11072 297.593 75.8658
200 0.134976 24.9646 1.11066 297.569 77.4772
200 0.13568 25.0741 1.10995 297.646 77.5566
200 0.135264 25.0437 1.11072 297.629 77.424
200 0.13616 25.0467 1.11149 297.633 77.908
200 0.134208 25.0408 1.11059 297.585 77.5547
200 0.189088 24.971 1.10976 297.61 77.4916
200 0.133504 25.0999 1.11219 297.61 78.3821
200 0.133472 25.0993 1.11117 297.611 75.8452
200 0.134112 24.9693 1.10918 297.572 77.7644
200 0.134656 24.9691 1.11024 297.586 77.5094
200 0.134688 25.019 1.11069 297.574 77.4419
200 0.134336 24.9387 1.11165 297.648 77.7287
200 0.1344 24.9722 1.10928 297.588 77.229
200 0.133792 24.9725 1.11139 297.56 77.3727
200 0.133696 24.9678 1.11226 297.59 77.793
200 0.133984 25.0276 1.1104 297.598 75.7999
200 0.132448 24.9651 1.10995 297.571 78.8532
200 0.133472 24.9719 1.11088 297.547 77.244
200 0.13408 24.9774 1.11139 297.632 77.5653
200 0.134304 24.9733 1.11069 297.531 77.6863
200 0.134816 24.9341 1.11066 297.575 75.7075
200 0.135104 24.9738 1.11162 297.588 78.3008
200 0.13488 25.0216 1.10976 297.611 77.4458
200 0.1344 24.9846 1.11037 297.619 77.2593
200 0.134688 25.0261 1.11043 297.582 76.9345
200 0.13376 25.0049 1.1096 297.626 77.9268
200 0.13584 24.9757 1.1112 297.581 78.0282
200 0.134112 25.0346 1.10989 297.534 78.1389
200 0.134528 25.0486 1.10986 297.609 77.8172
200 0.134112 24.9742 1.10973 297.611 77.6218
200 0.13392 24.9703 1.11018 297.586 77.8621
200 0.134016 24.9699 1.11222 297.59 77.8409
200 0.134496 24.9679 1.11072 297.613 78.2469
200 0.132864 24.9779 1.11242 297.587 77.27
200 0.134464 24.9926 1.11085 297.606 77.5758
