5000 0.170272 25.1809 27.3564 298.304 199.697
5000 0.163424 25.1476 27.2815 298.332 78.1655
5000 0.162784 25.12 27.2936 298.319 78.7777
5000 0.162848 25.0981 27.2877 298.339 78.4378
5000 0.1632 24.98 27.285 298.309 77.8261
5000 0.221472 25.0612 27.2886 298.276 77.9021
5000 0.12496 25.036 27.2909 298.291 77.8378
5000 0.164064 24.9827 27.2863 298.308 77.8858
5000 0.165152 25.0252 27.2869 298.331 78.2335
5000 0.163488 25.0427 27.2859 298.271 78.0972
5000 0.16384 25.1315 27.2834 298.309 77.9256
5000 0.162944 25.1398 27.2856 298.32 78.1481
5000 0.164032 24.9825 27.2834 298.291 77.7337
5000 0.22496 25.0268 27.2898 298.302 77.8402
5000 0.162848 24.9808 27.2903 298.281 77.9174
5000 0.163104 25.0348 27.2897 298.299 77.9464
5000 0.163264 25.0238 27.2867 298.301 78.1893
5000 0.1624 25.0195 27.2961 298.316 78.3357
5000 0.162464 25.0958 27.2866 298.297 76.5682
5000 0.163616 24.9825 27.2874 298.355 77.9364
5000 0.162496 25.0585 27.2908 298.319 77.9116
5000 0.166944 24.9772 27.291 298.342 77.9341
5000 0.162528 25.0155 27.286 298.333 78.0547
5000 0.172256 24.9841 27.2878 298.327 77.8948
5000 0.162784 25.0273 27.2906 298.327 78.2237
5000 0.167168 25.0938 27.2915 298.315 77.6546
5000 0.163648 24.9873 27.2824 298.308 78.0996
5000 0.162784 24.9831 27.2886 298.313 79.06
5000 0.162592 24.9825 27.2834 298.305 78.0433
5000 0.223392 24.9744 27.284 298.3 78.1551
5000 0.16256 25.0507 27.292 298.395 77.9771
5000 0.164096 25.062 27.2883 298.32 78.1224
5000 0.222464 24.9768 27.2885 298.245 78.0395
5000 0.162336 24.9969 27.2908 298.262 78.988
5000 0.171712 25.0235 27.2921 298.336 78.123
5000 0.163008 25.0489 27.2906 298.27 78.7159
5000 0.162976 24.9787 27.2884 298.327 77.9201
5000 0.1624 25.0259 27.2877 298.295 77.9985
5000 0.163264 24.9787 27.2854 298.291 77.7742
5000 0.219872 25.0356 27.2845 298.287 77.7962
5000 0.16288 25.0392 27.292 298.296 78.0896
5000 0.162944 25.1527 27.2816 298.327 77.836
5000 0.162656 24.9803 27.2848 298.322 77.9649
5000 0.162976 25.0339 27.29 298.338 76.2668
5000 0.163712 25.0261 27.2857 298.321 79.4625
5000 0.163872 25.0374 27.2872 298.366 78.0427
5000 0.163904 25.1048 27.2926 298.346 76.3828
5000 0.165376 25.017 27.29 298.297 79.3779
5000 0.159904 24.9874 27.2851 298.308 78.3299
5000 0.232768 25.0483 27.2897 298.281 78.6949
5000 0.160224 25.0192 27.2858 298.358 78.7533
5000 0.161696 24.9803 27.2852 298.289 78.1837
5000 0.1592 25.0204 27.2849 298.331 78.082
5000 0.220096 25.0764 27.2876 298.321 78.5113
5000 0.160384 25.0748 27.2915 298.326 78.5745
5000 0.159744 25.0019 27.2872 298.32 77.9672
5000 0.159776 25.0469 27.2854 298.363 78.1006
5000 0.161568 24.9817 27.2871 298.293 79.5159
5000 0.22992 24.9836 27.2881 298.319 77.9531
5000 0.222528 25.0905 27.2904 298.33 77.9185
5000 0.161152 24.986 27.292 298.327 78.0191
5000 0.160736 24.9807 27.2873 298.274 77.9045
5000 0.15984 25.0375 27.2909 298.294 78.8735
5000 0.159328 24.9802 27.2907 298.303 77.9175
5000 0.162976 25.0177 27.2893 298.307 78.1932
5000 0.159584 24.9772 27.284 298.314 78.1278
5000 0.159296 25.003 27.287 298.328 78.6865
5000 0.159776 25.0296 27.2843 298.298 77.9949
5000 0.159968 24.9775 27.2903 298.335 77.9101
5000 0.15936 25.0704 27.2923 298.265 77.7981
5000 0.159648 25.0368 27.2857 298.309 77.7281
5000 0.161088 24.9828 27.2891 298.244 77.9374
5000 0.15952 25.0528 27.286 298.315 78.2395
5000 0.159616 25.0237 27.2859 298.28 78.2081
5000 0.160224 25.1074 27.2882 298.322 79.0982
5000 0.159776 25.016 27.2903 298.361 77.9226
5000 0.159296 25.054 27.287 298.28 77.6807
5000 0.159616 25.0405 27.2892 298.323 77.9625
5000 0.16064 24.9808 27.2893 298.338 77.868
5000 0.15888 25.0174 27.2872 298.366 78.1585
5000 0.160192 25.0424 27.2879 298.374 78.3666
5000 0.220096 25.042 27.2874 298.279 78.146
5000 0.161664 24.9972 27.2884 298.303 78.5471
5000 0.16096 24.9451 27.2901 298.226 78.0517
5000 0.159808 25.058 27.2863 298.322 77.81
5000 0.160064 25.0428 27.289 298.325 78.0526
5000 0.168224 25.0163 27.2882 298.295 77.9414
5000 0.160448 25.0176 27.2868 298.324 78.1494
5000 0.160032 24.9515 27.2886 298.299 77.9588
5000 0.160096 25.1181 27.2922 298.357 77.9199
5000 0.160352 24.9805 27.2867 298.331 77.9949
5000 0.161152 24.9607 27.2925 298.287 78.5261
5000 0.160352 24.9841 27.285 298.351 78.4071
5000 0.168576 25.114 27.2881 298.263 78.3572
5000 0.15984 24.9771 27.2871 298.283 78.3605
5000 0.164128 24.9947 27.286 298.273 77.9662
5000 0.1608 25.0266 27.2887 298.369 78.0915
5000 0.159104 24.9807 27.2843 298.306 77.8727
5000 0.158368 24.9988 27.285 298.305 77.9906
5000 0.159232 24.9952 27.2881 298.27 77.9989
