400 0.136 25.1 2.2111 297.676 198.05
400 0.132768 24.947 2.20669 297.658 77.1085
400 0.132448 25.0427 2.20522 297.616 77.2174
400 0.200064 25.0083 2.2057 297.636 77.5383
400 0.14064 25.0263 2.20608 297.627 77.3822
400 0.132032 25.0062 2.20454 297.634 78.9872
400 0.185824 25.0261 2.20662 297.627 77.221
400 0.13232 24.9712 2.20502 297.718 77.4535
400 0.131968 25.0109 2.20458 297.636 77.267
400 0.132352 25.064 2.20426 297.656 78.0358
400 0.132096 25.0677 2.20522 297.669 77.4076
400 0.131456 25.0032 2.20582 297.647 77.3789
400 0.133024 24.9898 2.20701 297.618 77.3785
400 0.132928 24.9686 2.20528 297.637 78.1371
400 0.132896 25.0713 2.20541 297.699 75.7208
400 0.132448 24.9696 2.20653 297.669 78.0391
400 0.132608 24.9945 2.20387 297.654 78.2004
400 0.18688 25.0157 2.20496 297.643 77.8762
400 0.131392 25.0066 2.20515 297.669 77.9941
400 0.141568 25.0445 2.2072 297.632 75.7572
400 0.133056 25.0112 2.20435 297.673 77.4244
400 0.131648 24.9752 2.20515 297.685 77.2872
400 0.13136 25.0083 2.2039 297.7 78.7336
400 0.13216 25.008 2.20573 297.649 77.1961
400 0.131456 25.0246 2.20512 297.617 75.794
400 0.132032 24.9739 2.20422 297.625 77.1949
400 0.187168 25.1163 2.20522 297.667 77.3898
400 0.13232 25.0105 2.20483 297.657 77.7091
400 0.133088 24.9708 2.20509 297.638 78.1128
400 0.132192 25.0052 2.20442 297.66 77.0586
400 0.130848 24.989 2.20448 297.648 77.6122
400 0.188224 25.0225 2.20646 297.622 77.2387
400 0.132224 24.9664 2.2057 297.682 76.1028
400 0.13712 25.0638 2.20422 297.647 77.284
400 0.134624 25.0015 2.2056 297.635 79.3837
400 0.134048 24.9701 2.20662 297.656 78.3468
400 0.138976 25.0043 2.20528 297.674 78.6524
400 0.196928 25.07 2.20656 297.657 78.2169
400 0.133248 25.0086 2.20723 297.63 77.9451
400 0.134656 24.9782 2.20579 297.621 77.7071
400 0.133504 25.0146 2.20534 297.656 77.9244
400 0.154176 25.0514 2.20643 297.632 78.2833
400 0.132352 24.9787 2.20592 297.605 77.1733
400 0.132704 25.024 2.20445 297.685 77.2381
400 0.133248 25.0605 2.20618 297.669 78.9074
400 0.131904 25.0612 2.20531 297.646 77.3302
400 0.132896 24.9703 2.20621 297.678 78.0473
400 0.132192 25.0098 2.20506 297.665 78.0354
400 0.1328 24.9761 2.2047 297.613 77.1564
400 0.183968 25.0136 2.20499 297.634 78.8391
400 0.132256 25.0091 2.20525 297.643 77.3725
400 0.133344 24.9718 2.20483 297.639 77.394
400 0.131616 25.0063 2.20579 297.637 77.8293
400 0.132832 25.024 2.20576 297.536 77.4868
400 0.132448 25.0283 2.20579 297.618 78.1165
400 0.18368 25.0281 2.2057 297.631 77.3199
400 0.131616 25.0139 2.20547 297.686 77.6449
400 0.132992 25.0628 2.20448 297.701 78.2124
400 0.13264 25.062 2.20605 297.653 77.503
400 0.131872 25.0095 2.20605 297.622 77.2145
400 0.132192 24.9715 2.20598 297.604 77.3259
400 0.131424 25.0626 2.20499 297.662 77.4116
400 0.132608 24.9728 2.20278 297.625 78.2405
400 0.1416 25.0246 2.20573 297.659 77.3458
400 0.131584 25.0094 2.20541 297.659 77.5022
400 0.131648 24.9716 2.20733 297.635 77.3439
400 0.132352 25.1155 2.20442 297.621 78.8883
400 0.142496 25.0134 2.20454 297.582 77.4406
400 0.13248 25.0577 2.20538 297.635 77.5072
400 0.132576 25.1204 2.20643 297.684 77.24
400 0.132352 25.0262 2.2039 297.593 77.351
400 0.131616 24.9733 2.20522 297.642 77.3788
400 0.1328 24.9742 2.20634 297.64 77.4707
400 0.134752 25.0245 2.20515 297.635 77.5754
400 0.131104 25.0129 2.2056 297.64 77.458
400 0.13344 25.0094 2.2056 297.686 77.429
400 0.132576 24.9731 2.20522 297.652 77.4793
400 0.13168 25.055 2.20691 297.691 78.1213
400 0.130752 24.9728 2.20477 297.645 78.832
400 0.132 25.0641 2.20576 297.627 78.4641
400 0.189216 25.0664 2.20419 297.64 77.2391
400 0.131744 25.0229 2.20406 297.629 77.2405
400 0.132288 25.056 2.20451 297.653 77.3096
400 0.13184 25.0689 2.20538 297.67 77.7489
400 0.13184 25.0273 2.20416 297.655 78.115
400 0.185664 25.0676 2.20422 297.641 78.3035
400 0.18256 25.042 2.20435 297.639 77.5308
400 0.132352 25.0046 2.20534 297.578 77.2515
400 0.132512 25.0112 2.20397 297.637 77.4662
400 0.18848 24.9781 2.20525 297.64 77.2565
400 0.132256 25.06 2.20554 297.668 77.277
400 0.133376 25.0597 2.20397 297.669 77.2835
400 0.131392 24.9753 2.20634 297.648 77.5706
400 0.131808 24.9721 2.20666 297.625 77.3488
400 0.1328 25.0076 2.20522 297.636 77.6196
400 0.131008 24.9743 2.20733 297.595 77.1944
400 0.131296 25.0075 2.2065 297.613 77.2948
400 0.132736 25.0666 2.20557 297.66 78.2258
400 0.132416 24.9924 2.20534 297.609 77.3695
400 0.133088 24.9785 2.20598 297.635 77.3805
