3500 0.162912 25.0648 19.1298 298.106 217.114
3500 0.153152 25.0172 19.1171 298.141 77.9423
3500 0.152128 25.0092 19.1149 298.068 78.1789
3500 0.153184 25.0166 19.118 298.071 78.9562
3500 0.153344 24.9738 19.1218 298.147 76.0044
3500 0.152864 24.9848 19.1224 298.183 78.6263
3500 0.153088 25.0337 19.12 298.174 76.6945
3500 0.153696 24.9946 19.117 298.121 77.116
3500 0.153664 25.0804 19.119 298.117 77.6145
3500 0.152448 24.9454 19.1173 298.131 78.4903
3500 0.152608 25.0195 19.12 298.101 77.5226
3500 0.153184 25.0331 19.1235 298.174 78.7139
3500 0.213376 25.0165 19.1219 298.162 77.8285
3500 0.153792 24.9788 19.123 298.086 77.9456
3500 0.152704 25.0181 19.1226 298.161 78.4457
3500 0.152608 24.9841 19.1179 298.109 78.4935
3500 0.162912 25.0024 19.1195 298.161 77.6075
3500 0.152544 24.9899 19.12 298.129 77.6378
3500 0.153248 25.0906 19.1202 298.14 77.7102
3500 0.153312 25.1228 19.1167 298.116 78.1519
3500 0.152736 25.0222 19.1178 298.142 78.6643
3500 0.152704 25.065 19.1214 298.148 78.4797
3500 0.15232 24.9858 19.1192 298.142 77.617
3500 0.153216 25.0155 19.1195 298.143 77.4884
3500 0.152928 25.0393 19.1186 298.078 77.4702
3500 0.153344 24.9809 19.1218 298.15 77.4942
3500 0.152544 25.025 19.1176 298.138 77.5222
3500 0.153248 25.025 19.1185 298.095 77.5226
3500 0.153856 24.9901 19.1223 298.175 77.2644
3500 0.154112 25.0159 19.1244 298.108 77.7773
3500 0.152128 25.0154 19.1151 298.113 77.6535
3500 0.160992 25.066 19.1189 298.144 76.0428
3500 0.153152 25.0687 19.1228 298.175 78.3883
3500 0.207232 25.032 19.1165 298.152 78.1969
3500 0.152672 25.0039 19.122 298.152 77.7985
3500 0.152992 25.0166 19.1232 298.119 77.5695
3500 0.160096 25.0134 19.1162 298.124 77.6549
3500 0.152352 25.0184 19.1195 298.117 77.3905
3500 0.151936 25.0184 19.1201 298.161 77.657
3500 0.161728 25.0154 19.1156 298.156 77.6599
3500 0.153056 25.0189 19.1189 298.131 76.6984
3500 0.153984 25.0716 19.1217 298.11 77.7553
3500 0.154144 25.069 19.1258 298.097 77.884
3500 0.153408 25.0741 19.114 298.116 76.156
3500 0.160864 25.0192 19.1226 298.106 77.1163
3500 0.153184 24.9386 19.1236 298.115 77.5146
3500 0.152704 25.0637 19.1166 298.125 77.468
3500 0.152896 24.9443 19.1206 298.113 77.3359
3500 0.154112 24.98 19.1199 298.17 77.3482
3500 0.15264 24.9798 19.1215 298.136 77.4477
3500 0.152896 24.983 19.1223 298.112 77.4852
3500 0.153408 24.9996 19.1227 298.173 77.8187
3500 0.152192 25.0463 19.1209 298.091 77.7158
3500 0.15328 24.9998 19.1178 298.148 77.5852
3500 0.153312 25.0051 19.1217 298.163 77.5143
3500 0.153024 25.1186 19.1189 298.152 77.5961
3500 0.153216 25.0201 19.1195 298.175 77.5105
3500 0.152832 25.0179 19.1197 298.117 77.5223
3500 0.15312 25.0233 19.1174 298.171 77.2842
3500 0.15424 24.9855 19.1165 298.118 77.5715
3500 0.150272 25.1101 19.1748 298.124 77.4963
3500 0.149024 24.9972 19.1182 298.155 78.3859
3500 0.150752 25.0159 19.1228 298.141 77.3957
3500 0.151104 25.0714 19.1166 298.111 77.5631
3500 0.150976 24.9807 19.1212 298.154 77.4626
3500 0.1512 24.9817 19.12 298.11 77.6234
3500 0.151488 24.9795 19.1173 298.137 77.4394
3500 0.151776 25.0203 19.1219 298.148 77.5518
3500 0.151232 25.0173 19.1199 298.157 77.6971
3500 0.151488 25.0148 19.1198 298.147 77.3192
3500 0.150944 25.0209 19.1221 298.134 77.474
3500 0.150112 25.0914 19.1216 298.141 77.4751
3500 0.150496 24.9428 19.1221 298.13 77.4484
3500 0.150944 24.9947 19.1154 298.116 77.5408
3500 0.159808 24.982 19.116 298.113 77.5254
3500 0.150176 24.9811 19.12 298.087 77.5965
3500 0.151072 24.9823 19.1217 298.125 77.4781
3500 0.150464 24.9824 19.1185 298.127 77.5037
3500 0.151744 25.0527 19.119 298.158 77.5316
3500 0.15008 24.9866 19.118 298.143 77.6268
3500 0.151456 25.0132 19.1211 298.124 77.4742
3500 0.151008 25.0682 19.1214 298.146 78.5081
3500 0.150784 25.0452 19.122 298.142 79.0809
3500 0.15008 24.989 19.1238 298.142 77.5273
3500 0.204992 24.9802 19.1199 298.099 77.461
3500 0.150432 24.9791 19.1134 298.149 77.5612
3500 0.151136 24.9834 19.1171 298.124 77.4322
3500 0.158592 24.977 19.1211 298.125 79.0829
3500 0.15024 24.9777 19.1189 298.149 78.8651
3500 0.178144 25.0029 19.1209 298.153 78.8637
3500 0.150656 25.015 19.118 298.097 77.4634
3500 0.151392 24.9721 19.1198 298.165 77.3768
3500 0.151456 25.0305 19.1181 298.147 77.5063
3500 0.150784 25.0651 19.1177 298.117 77.5864
3500 0.20576 25.129 19.1211 298.118 77.4072
3500 0.150208 24.998 19.1209 298.124 77.5283
3500 0.150848 25.0178 19.1196 298.148 77.648
3500 0.151136 24.9825 19.1175 298.112 77.4594
3500 0.14992 24.9484 19.1226 298.141 77.3259
3500 0.149984 25.0166 19.121 298.142 77.4677
