100 0.23808 25.1373 0.57712 297.602 194.387
100 0.134944 24.9871 0.565216 297.611 77.1846
100 0.142272 24.9745 0.565344 297.545 77.2703
100 0.134976 24.9692 0.565376 297.56 77.01
100 0.134944 25.0106 0.565568 297.626 77.1746
100 0.133408 25.0074 0.565824 297.557 77.2953
100 0.135104 24.9694 0.56512 297.538 77.5367
100 0.144032 24.9676 0.565248 297.576 78.0029
100 0.134432 24.9691 0.566528 297.574 77.114
100 0.134656 24.9769 0.564704 297.552 77.8945
100 0.133504 25.0059 0.565728 297.53 79.1887
100 0.13488 24.9678 0.620576 297.588 77.2253
100 0.134528 25.0028 0.565696 297.584 75.6521
100 0.13504 24.9754 0.564576 297.593 77.0086
100 0.133888 25.0043 0.56512 297.544 78.153
100 0.134144 24.9719 0.566592 297.572 77.1539
100 0.134112 25.0031 0.565888 297.527 77.0094
100 0.132928 24.9906 0.566272 297.597 77.4647
100 0.133536 25.0057 0.565632 297.581 78.0508
100 0.193024 25.0039 0.565088 297.543 77.1169
100 0.135552 24.9915 0.565312 297.596 77.2167
100 0.134464 24.9931 0.566144 297.584 77.1635
100 0.135168 25.0513 0.564864 297.603 77.0917
100 0.134688 24.9676 0.565376 297.571 77.0926
100 0.13472 25.0066 0.56656 297.559 78.6541
100 0.135424 25.0673 0.565376 297.533 77.0918
100 0.133984 25.0399 0.565376 297.627 77.0807
100 0.133792 25.0219 0.565536 297.645 76.9412
100 0.135104 24.9957 0.567072 297.58 77.1329
100 0.134112 24.9703 0.565344 297.559 76.9742
100 0.135264 25.0549 0.566112 297.592 77.1117
100 0.134048 25.0355 0.565984 297.592 77.0836
100 0.134944 24.9621 0.566336 297.533 77.5919
100 0.137024 25.0536 0.566304 297.553 76.0216
100 0.135744 24.9698 0.564992 297.578 77.5632
100 0.136928 25.0147 0.565664 297.558 78.5623
100 0.13488 25.0063 0.56576 297.576 77.0826
100 0.13472 25.0388 0.565888 297.54 77.6496
100 0.135488 25.0108 0.566272 297.526 77.9615
100 0.135936 24.9938 0.565184 297.564 77.8839
100 0.134848 25.0145 0.565408 297.561 77.4785
100 0.135712 25.005 0.564864 297.525 77.3948
100 0.134336 24.9722 0.565408 297.525 77.7367
100 0.136832 25.0253 0.566432 297.578 75.5121
100 0.134816 25.0378 0.565152 297.586 77.3135
100 0.141888 24.999 0.566208 297.563 77.0778
100 0.134816 25.0046 0.565952 297.558 76.2831
100 0.133952 24.9695 0.5672 297.565 77.2165
100 0.134112 24.9911 0.566208 297.532 77.1796
100 0.135712 25.0017 0.56688 297.564 77.1051
100 0.134496 25.0038 0.56496 297.591 77.3001
100 0.134048 24.9848 0.566144 297.612 76.9469
100 0.133952 25.0059 0.565472 297.557 77.0689
100 0.133632 25.0575 0.565952 297.553 77.2337
100 0.134368 25.1213 0.565472 297.588 77.7666
100 0.134208 24.9683 0.564832 297.589 77.8259
100 0.144832 24.973 0.565632 297.568 77.29
100 0.134272 24.9492 0.565056 297.594 77.3467
100 0.134656 24.9722 0.565216 297.567 77.244
100 0.133856 25.0125 0.564896 297.585 77.2903
100 0.13472 25.034 0.564896 297.58 77.0502
100 0.135168 24.9742 0.565664 297.56 77.3044
100 0.191648 24.9955 0.56592 297.584 77.227
100 0.132992 25.002 0.565664 297.58 77.3843
100 0.19184 25.0064 0.566336 297.505 77.1773
100 0.134368 25.0607 0.566304 297.59 77.2354
100 0.19088 25.0033 0.567488 297.594 77.1659
100 0.134912 24.9682 0.56592 297.56 77.1678
100 0.190368 25.0047 0.565952 297.575 75.6969
100 0.133984 25.008 0.565536 297.557 77.4985
100 0.134048 24.9921 0.565792 297.622 77.4023
100 0.13392 24.9681 0.564768 297.604 78.1638
100 0.133728 24.979 0.565152 297.569 78.1404
100 0.136832 25.0089 0.566848 297.55 76.4699
100 0.135232 25.0583 0.568352 297.613 77.2586
100 0.134112 25.0031 0.565184 297.543 77.3176
100 0.13424 25.0065 0.565184 297.548 75.6836
100 0.13408 25.0317 0.565056 297.574 77.2854
100 0.135168 25.0095 0.565184 297.612 78.7076
100 0.137856 25.0882 0.565344 297.564 77.3732
100 0.134016 25.0244 0.56544 297.537 77.0919
100 0.133472 25.0034 0.565696 297.627 75.4769
100 0.13488 25.0046 0.565024 297.556 78.4742
100 0.133472 25.0033 0.56544 297.526 77.4524
100 0.134912 25.0085 0.566176 297.576 75.5989
100 0.13408 24.965 0.566912 297.569 77.1767
100 0.133728 24.9792 0.56608 297.623 77.2845
100 0.134304 25.0009 0.564992 297.599 77.4099
100 0.134272 25.0244 0.565984 297.55 77.237
100 0.133312 25.067 0.56544 297.613 75.5031
100 0.134208 24.9839 0.5664 297.615 77.2193
100 0.1344 24.9676 0.56672 297.574 77.3622
100 0.134976 25.0076 0.564832 297.557 77.2895
100 0.134464 25.0524 0.566784 297.532 77.3018
100 0.132896 24.9783 0.566048 297.605 77.9207
100 0.135328 25.0036 0.565728 297.608 77.5932
100 0.141536 24.9707 0.566688 297.626 77.3761
100 0.143008 25.0087 0.565184 297.565 75.5216
100 0.135616 25.0284 0.5656 297.564 77.7644
100 0.143456 24.9689 0.565856 297.568 77.3314
