1500 0.145984 25.1004 8.22163 297.88 202.041
1500 0.142336 25.0503 8.21824 297.851 79.1647
1500 0.140928 24.9718 8.21882 297.83 77.6632
1500 0.141984 24.9735 8.22026 297.839 77.5456
1500 0.140576 25.0992 8.22006 297.864 77.2733
1500 0.201024 24.9763 8.22192 297.857 77.5679
1500 0.14864 24.9725 8.22259 297.848 77.6862
1500 0.198048 25.0469 8.21981 297.814 77.6285
1500 0.140864 24.9325 8.22262 297.879 77.4923
1500 0.196736 24.9711 8.21981 297.846 78.4609
1500 0.14144 24.9726 8.22128 297.865 78.8158
1500 0.142176 25.0204 8.22333 297.846 77.5204
1500 0.139968 24.9742 8.21955 297.887 77.5443
1500 0.140768 25.0279 8.22189 297.893 77.4963
1500 0.140384 25.1004 8.22083 297.843 77.3952
1500 0.158688 24.9789 8.22112 297.831 77.2876
1500 0.140448 24.9368 8.22154 297.876 78.4595
1500 0.140832 25.0265 8.22189 297.865 77.2115
1500 0.140864 25.0944 8.22026 297.86 78.1906
1500 0.14064 24.9758 8.2223 297.867 77.7746
1500 0.141312 24.9684 8.2201 297.83 78.6103
1500 0.142016 25.0082 8.21952 297.901 79.2505
1500 0.148448 24.973 8.22 297.864 77.5835
1500 0.14064 24.9741 8.21987 297.863 77.609
1500 0.141632 25.1059 8.22288 297.898 75.9858
1500 0.14112 25.0295 8.21818 297.88 77.4482
1500 0.140736 24.9724 8.21821 297.889 75.8694
1500 0.142624 25.03 8.21923 297.87 77.5926
1500 0.14064 25.0431 8.21958 297.822 77.7029
1500 0.142112 24.9435 8.22166 297.839 78.1705
1500 0.140832 24.9232 8.22173 297.808 79.03
1500 0.141888 25.1057 8.22224 297.875 78.002
1500 0.196192 24.9805 8.21808 297.833 77.7889
1500 0.141824 25.0477 8.2217 297.844 77.6984
1500 0.142208 24.9827 8.22326 297.828 77.601
1500 0.142432 24.9794 8.21914 297.839 77.5444
1500 0.140992 24.9873 8.2191 297.849 75.9267
1500 0.142176 24.9767 8.21946 297.818 77.5082
1500 0.141216 24.9712 8.21936 297.858 77.5502
1500 0.141248 25.0092 8.22013 297.851 77.0758
1500 0.141504 25.0384 8.22054 297.849 77.3405
1500 0.14112 24.9877 8.22275 297.855 77.3898
1500 0.140576 25.0144 8.22029 297.887 77.5263
1500 0.199904 24.9772 8.22269 297.886 77.4013
1500 0.141536 24.9724 8.22125 297.826 77.5584
1500 0.142048 25.0305 8.22016 297.854 78.955
1500 0.194688 25.0255 8.21965 297.846 77.3609
1500 0.141792 25.0312 8.22134 297.845 78.9409
1500 0.1968 24.9731 8.21971 297.86 77.4958
1500 0.141472 25.044 8.22016 297.852 78.5595
1500 0.140288 24.9719 8.21859 297.839 78.8956
1500 0.14112 25.026 8.21971 297.846 78.9176
1500 0.141472 24.9737 8.22022 297.885 79.0083
1500 0.141472 25.0271 8.22141 297.897 77.5231
1500 0.141824 25.0356 8.22646 297.818 77.5469
1500 0.14144 25.0283 8.22163 297.877 78.7952
1500 0.14176 25.0132 8.2208 297.824 78.9299
1500 0.141088 24.9723 8.22106 297.816 77.4894
1500 0.140992 24.9849 8.21837 297.842 77.2514
1500 0.14064 24.9737 8.22131 297.835 77.397
1500 0.140288 24.9754 8.22227 297.881 78.217
1500 0.140832 24.9817 8.22019 297.881 77.4014
1500 0.141088 24.9736 8.22122 297.848 77.3723
1500 0.139904 25.0664 8.21642 297.85 78.0232
1500 0.141024 25.0306 8.21808 297.87 77.4774
1500 0.140704 24.9746 8.22061 297.894 77.3535
1500 0.141408 24.9727 8.22064 297.865 77.4111
1500 0.143744 24.9889 8.22045 297.85 77.417
1500 0.147584 24.9695 8.22106 297.919 77.4617
1500 0.141632 24.992 8.21859 297.892 77.2678
1500 0.141472 24.9473 8.21981 297.891 77.3335
1500 0.140832 24.9822 8.22054 297.89 79.0494
1500 0.196032 25.0474 8.21955 297.893 77.5045
1500 0.140992 24.9742 8.22038 297.868 77.3535
1500 0.140256 24.9779 8.21789 297.898 77.528
1500 0.1416 25.0488 8.21907 297.88 77.4647
1500 0.147488 24.9768 8.22272 297.821 77.3359
1500 0.141696 25.0249 8.22054 297.882 77.248
1500 0.139904 24.9516 8.21981 297.852 77.5485
1500 0.14064 25.0652 8.21939 297.902 78.7547
1500 0.14096 24.9731 8.21866 297.863 78.2845
1500 0.216096 25.0367 8.2201 297.838 77.7807
1500 0.139808 25.0318 8.22189 297.845 77.6287
1500 0.141056 25.0996 8.22022 297.87 77.3743
1500 0.1408 25.0435 8.21901 297.858 77.6334
1500 0.149248 25.0151 8.22189 297.835 77.5412
1500 0.148 25.0306 8.21939 297.888 77.4083
1500 0.140448 24.9789 8.22346 297.798 77.4203
1500 0.141568 24.9767 8.21872 297.821 78.1996
1500 0.201216 24.9783 8.21965 297.863 77.9573
1500 0.19392 24.9753 8.22006 297.815 78.3526
1500 0.141152 25.0107 8.22285 297.8 78.1375
1500 0.140736 25.0265 8.22051 297.887 78.1985
1500 0.141312 24.9802 8.21533 297.832 77.5866
1500 0.138848 24.9758 8.22266 297.861 77.3643
1500 0.1392 24.9924 8.22218 297.863 77.4955
1500 0.139776 25.0114 8.22154 297.87 77.5092
1500 0.140288 24.9754 8.21946 297.887 77.5522
1500 0.139648 24.9745 8.21862 297.827 77.2999
1500 0.139456 24.9745 8.22179 297.827 77.366
